762
761.169
760.295
759.07
757.257
754.556
750.536
744.572
735.763
722.848
704.111
677.35
639.997
589.558
524.579
446.137
359.265
272.878
196.91
137.866
96.516
69.4899
52.3712
41.5562
34.6301
30.1059
27.0908
25.0459
23.6392
22.6608
21.9747
21.4907
21.1478
20.9042
20.7307
20.6069
20.5186
20.4554
20.4103
20.3781
20.355
20.3385
20.3267
20.3182
20.3122
20.3078
20.3047
20.3025
20.3009
20.2998
20.299
20.2984
20.298
20.2977
20.2975
20.2973
20.2972
20.2971
20.2971
20.297
20.297
20.297
20.297
20.297
20.297
20.297
20.2969
20.2969
20.2969
20.2969
20.2969
20.2969
20.2969
20.2969
20.2969
20.2969
20.2969
20.2969
20.2969
20.2969
20.2969
20.2969
20.2969
20.2969
20.2969
20.2969
20.2969
20.2969
20.2969
20.2969
20.2969
