0.5
0.75
1.01343
1.38314
1.93091
2.7489
3.97073
5.79349
8.50687
12.533
18.4783
27.1952
39.8433
57.9193
83.1984
117.495
162.156
217.306
281.158
349.931
418.723
482.947
539.449
586.813
625.039
655.003
677.973
695.286
708.168
717.661
724.605
729.656
733.316
735.958
737.862
739.231
740.215
740.92
741.426
741.789
742.049
742.235
742.368
742.463
742.531
742.58
742.615
742.64
742.658
742.671
742.68
742.687
742.691
742.695
742.697
742.699
742.7
742.701
742.701
742.702
742.702
742.702
742.703
742.703
742.703
742.703
742.703
742.703
742.703
742.703
742.703
742.703
742.703
742.703
742.703
742.703
742.703
742.703
742.703
742.703
742.703
742.703
742.703
742.703
742.703
742.703
742.703
742.703
742.703
742.703
742.703
