0.5
0.52686
0.739418
1.09555
1.63596
2.44367
3.64551
5.42677
8.05224
11.8905
17.4339
25.2962
36.1519
50.5582
68.5936
89.3207
110.3
127.705
137.546
137.583
128.448
113.004
94.7281
76.4531
59.928
45.9397
34.6253
25.7646
18.9858
13.8881
10.1028
7.31862
5.28506
3.80759
2.73834
1.96678
1.41125
1.01191
0.725182
0.519499
0.372048
0.266392
0.190712
0.136517
0.0977149
0.0699373
0.0500539
0.0358224
0.0256366
0.0183468
0.0131297
0.00939603
0.00672407
0.00481192
0.00344352
0.00246426
0.00176347
0.00126198
0.000903095
0.000646272
0.000462484
0.000330962
0.000236843
0.000169489
0.000121289
8.67968e-05
6.21133e-05
4.44494e-05
3.18088e-05
2.27629e-05
1.62896e-05
1.16571e-05
8.34202e-06
5.9697e-06
4.27202e-06
3.05714e-06
2.18774e-06
1.56559e-06
1.12036e-06
8.0175e-07
5.73747e-07
4.10583e-07
2.93821e-07
2.10263e-07
1.50468e-07
1.07678e-07
7.70561e-08
5.51427e-08
3.94611e-08
2.82391e-08
2.02084e-08
