0.872
1.52323
2.36937
3.62732
5.53439
8.42538
12.7886
19.3253
29.007
43.0994
63.0725
90.251
124.998
165.334
205.479
235.925
247.027
235.106
205.286
167.463
130.16
97.9506
72.176
52.4608
37.7905
27.0617
19.3023
13.7313
9.75067
6.91565
4.90092
3.47122
2.45768
1.73965
1.23118
0.871233
0.616472
0.436184
0.308611
0.218345
0.154479
0.109292
0.0773228
0.0547045
0.0387024
0.0273811
0.0193715
0.0137049
0.00969592
0.00685963
0.00485303
0.0034334
0.00242905
0.0017185
0.00121579
0.000860146
0.000608532
0.000430522
0.000304584
0.000215486
0.000152451
0.000107855
7.63052e-05
5.39841e-05
3.81924e-05
2.70202e-05
1.91162e-05
1.35242e-05
9.56807e-06
6.76918e-06
4.78903e-06
3.38813e-06
2.39702e-06
1.69583e-06
1.19976e-06
8.48802e-07
6.00507e-07
4.24844e-07
3.00567e-07
2.12644e-07
1.50441e-07
1.06433e-07
7.52989e-08
5.32722e-08
3.76888e-08
2.66639e-08
1.88641e-08
1.33459e-08
9.44189e-09
6.67991e-09
4.72588e-09
