0
0
0.001
0.0027825
0.00517988
0.00806176
0.011326
0.0148919
0.0186959
0.022687
0.026825
0.0310775
0.0354185
0.0398272
0.044287
0.0487844
0.0533087
0.057851
0.0624044
0.0669632
0.0715228
0.0760796
0.0806306
0.0851734
0.089706
0.094227
0.098735
0.103229
0.107708
0.112172
0.11662
0.121052
0.125467
0.129865
0.134246
0.13861
0.142956
0.147285
0.151597
0.15589
0.160167
0.164425
0.168666
0.17289
0.177095
0.181284
0.185454
0.189607
0.193743
0.197861
0.201962
0.206045
0.210111
0.21416
0.218191
0.222205
0.226202
0.230181
0.234144
0.238089
0.242018
0.245929
0.249824
0.253701
0.257562
0.261406
0.265233
0.269043
0.272837
0.276614
0.280375
0.284118
0.287846
0.291557
0.295251
0.298929
0.302591
0.306237
0.309866
0.313479
0.317076
0.320657
0.324222
0.327771
0.331304
0.334821
0.338322
0.341807
0.345277
0.348731
0.352169
0.355591
0.358998
0.36239
0.365766
0.369126
0.372471
0.375801
0.379116
0.382415
0.385699
0.388968
0.392222
0.39546
0.398684
0.401893
0.405087
0.408266
0.41143
0.414579
0.417714
0.420834
0.423939
0.42703
0.430107
0.433168
0.436216
0.439249
0.442268
0.445272
0.448262
0.451238
0.4542
0.457148
0.460081
0.463001
0.465907
0.468799
0.471677
0.474541
0.477392
0.480228
0.483052
0.485861
0.488657
0.49144
0.494209
0.496964
0.499706
0.502435
0.505151
0.507853
0.510543
0.513219
0.515882
0.518532
0.521169
0.523793
0.526404
0.529003
0.531588
0.534161
0.536721
0.539269
0.541804
0.544326
0.546836
0.549334
0.551819
0.554292
0.556752
0.5592
0.561636
0.56406
0.566472
0.568871
0.571259
0.573634
0.575998
0.57835
0.58069
0.583018
0.585334
0.587639
0.589932
0.592214
0.594483
0.596742
0.598989
0.601224
0.603449
0.605662
0.607863
0.610054
0.612233
0.614401
0.616558
0.618704
0.620839
0.622963
0.625076
0.627178
0.629269
0.63135
0.63342
0.635479
0.637528
0.639566
0.641593
0.64361
0.645617
0.647613
0.649599
0.651574
0.653539
0.655494
0.657439
0.659373
0.661298
0.663212
0.665117
0.667011
0.668896
0.67077
0.672635
0.67449
0.676335
0.678171
0.679997
0.681813
0.68362
0.685417
0.687205
0.688983
0.690752
0.692511
0.694261
0.696002
0.697734
0.699456
0.701169
0.702874
0.704569
0.706255
0.707932
0.7096
0.711259
0.712909
0.714551
0.716183
0.717807
0.719422
0.721029
0.722627
0.724216
0.725797
0.727369
0.728933
0.730489
0.732036
0.733575
0.735105
0.736627
0.738141
0.739647
0.741144
0.742633
0.744115
0.745588
0.747053
0.748511
0.74996
0.751402
0.752835
0.754261
0.755679
0.75709
0.758492
0.759887
0.761275
0.762655
0.764027
0.765391
0.766749
0.768099
0.769441
0.770776
0.772104
0.773424
0.774737
0.776043
0.777342
0.778633
0.779918
0.781195
0.782466
0.783729
0.784985
0.786235
0.787477
0.788713
0.789942
0.791164
0.792379
0.793587
0.794789
0.795984
0.797172
0.798354
0.799529
0.800698
0.80186
0.803016
0.804165
0.805308
0.806445
0.807575
0.808699
0.809816
0.810927
0.812032
0.813131
0.814224
0.815311
0.816391
0.817466
0.818534
0.819596
0.820653
0.821703
0.822748
0.823787
0.82482
0.825847
0.826868
0.827884
0.828894
0.829898
0.830896
0.831889
0.832876
0.833858
0.834834
0.835804
0.83677
0.837729
0.838683
0.839632
0.840576
0.841514
0.842446
0.843374
0.844296
0.845213
0.846125
0.847031
0.847933
0.848829
0.84972
0.850606
0.851487
0.852363
0.853234
0.8541
0.854961
0.855817
0.856669
0.857515
0.858357
0.859194
0.860026
0.860853
0.861675
0.862493
0.863306
0.864115
0.864918
0.865718
0.866512
0.867302
0.868088
0.868869
0.869645
0.870417
0.871185
0.871948
0.872707
0.873462
0.874212
0.874957
0.875699
0.876436
0.877169
0.877898
0.878622
0.879343
0.880059
0.880771
0.881479
0.882183
0.882883
0.883578
0.88427
0.884958
0.885642
0.886321
0.886997
0.887669
0.888337
0.889001
0.889662
0.890318
0.890971
0.89162
0.892265
0.892906
0.893544
0.894178
0.894808
0.895435
0.896058
0.896677
0.897293
0.897905
0.898513
0.899118
0.89972
0.900318
0.900912
0.901503
0.902091
0.902675
0.903256
0.903833
0.904407
0.904978
0.905545
0.906109
0.90667
0.907228
0.907782
0.908333
0.90888
0.909425
0.909966
0.910504
0.911039
0.911571
0.9121
0.912626
0.913148
0.913668
0.914184
0.914698
0.915208
0.915715
0.91622
0.916721
0.91722
0.917715
0.918208
0.918698
0.919185
0.919669
0.92015
0.920629
0.921104
0.921577
0.922047
0.922514
0.922979
0.92344
0.923899
0.924356
0.924809
0.92526
0.925709
0.926154
0.926597
0.927038
0.927476
0.927911
0.928343
0.928774
0.929201
0.929626
0.930049
0.930469
0.930886
0.931301
0.931714
0.932124
0.932532
0.932937
0.93334
0.933741
0.934139
0.934535
0.934928
0.93532
0.935708
0.936095
0.936479
0.936861
0.937241
0.937618
0.937994
0.938367
0.938737
0.939106
0.939472
0.939837
0.940199
0.940559
0.940916
0.941272
0.941626
0.941977
0.942326
0.942674
0.943019
0.943362
0.943703
0.944042
0.944379
0.944714
0.945047
0.945378
0.945708
0.946035
0.94636
0.946683
0.947005
0.947324
0.947642
0.947957
0.948271
0.948583
0.948893
0.949201
0.949508
0.949812
0.950115
0.950416
0.950715
0.951012
0.951308
0.951602
0.951894
0.952184
0.952472
0.952759
0.953044
0.953328
0.95361
0.95389
0.954168
0.954445
0.95472
0.954993
0.955265
0.955535
0.955804
0.956071
0.956336
0.9566
0.956862
0.957123
0.957382
0.957639
0.957895
0.95815
0.958402
0.958654
0.958904
0.959152
0.959399
0.959644
0.959888
0.960131
0.960372
0.960612
0.96085
0.961086
0.961322
0.961556
0.961788
0.962019
0.962249
0.962477
0.962704
0.96293
0.963154
0.963377
0.963599
0.963819
0.964038
0.964256
0.964472
0.964687
0.964901
0.965113
0.965324
0.965534
0.965743
0.96595
0.966156
0.966361
0.966565
0.966767
0.966968
