1
0.95
0.910875
0.880131
0.855906
0.83679
0.821702
0.809803
0.800441
0.793101
0.787378
0.782951
0.779562
0.77701
0.775129
0.773788
0.772884
0.77233
0.77206
0.772018
0.77216
0.772451
0.772861
0.773368
0.773952
0.774599
0.775297
0.776034
0.776804
0.7776
0.778416
0.779249
0.780094
0.780949
0.781812
0.782681
0.783554
0.78443
0.785309
0.786189
0.78707
0.78795
0.788831
0.789711
0.79059
0.791468
0.792345
0.79322
0.794094
0.794966
0.795836
0.796705
0.797571
0.798435
0.799298
0.800158
0.801017
0.801873
0.802727
0.803579
0.804429
0.805276
0.806122
0.806965
0.807806
0.808645
0.809481
0.810316
0.811148
0.811977
0.812805
0.81363
0.814453
0.815274
0.816092
0.816909
0.817723
0.818534
0.819343
0.82015
0.820955
0.821757
0.822557
0.823355
0.82415
0.824943
0.825734
0.826522
0.827308
0.828092
0.828873
0.829652
0.830428
0.831203
0.831974
0.832744
0.833511
0.834275
0.835038
0.835798
0.836555
0.83731
0.838063
0.838813
0.839561
0.840307
0.84105
0.84179
0.842529
0.843265
0.843998
0.844729
0.845458
0.846184
0.846908
0.847629
0.848348
0.849065
0.849779
0.850491
0.8512
0.851907
0.852612
0.853314
0.854014
0.854711
0.855406
0.856098
0.856788
0.857475
0.858161
0.858843
0.859524
0.860201
0.860877
0.86155
0.862221
0.862889
0.863554
0.864218
0.864879
0.865537
0.866193
0.866847
0.867498
0.868147
0.868794
0.869438
0.870079
0.870719
0.871356
0.87199
0.872622
0.873252
0.873879
0.874504
0.875126
0.875746
0.876364
0.87698
0.877593
0.878203
0.878811
0.879417
0.880021
0.880622
0.88122
0.881817
0.882411
0.883002
0.883592
0.884179
0.884763
0.885346
0.885925
0.886503
0.887078
0.887651
0.888222
0.88879
0.889356
0.88992
0.890481
0.89104
0.891597
0.892151
0.892703
0.893253
0.893801
0.894346
0.894889
0.89543
0.895968
0.896504
0.897038
0.89757
0.898099
0.898626
0.899151
0.899674
0.900195
0.900713
0.901229
0.901743
0.902254
0.902763
0.903271
0.903776
0.904278
0.904779
0.905277
0.905773
0.906267
0.906759
0.907249
0.907736
0.908222
0.908705
0.909186
0.909665
0.910142
0.910616
0.911089
0.911559
0.912028
0.912494
0.912958
0.91342
0.91388
0.914338
0.914794
0.915247
0.915699
0.916149
0.916596
0.917042
0.917485
0.917926
0.918366
0.918803
0.919238
0.919672
0.920103
0.920532
0.920959
0.921385
0.921808
0.922229
0.922649
0.923066
0.923482
0.923895
0.924307
0.924716
0.925124
0.92553
0.925933
0.926335
0.926735
0.927133
0.927529
0.927924
0.928316
0.928707
0.929095
0.929482
0.929867
0.93025
0.930631
0.93101
0.931388
0.931764
0.932137
0.932509
0.93288
0.933248
0.933615
0.93398
0.934343
0.934704
0.935063
0.935421
0.935777
0.936131
0.936484
0.936834
0.937183
0.937531
0.937876
0.93822
0.938562
0.938903
0.939241
0.939578
0.939914
0.940247
0.940579
0.94091
0.941238
0.941565
0.941891
0.942214
0.942536
0.942857
0.943176
0.943493
0.943809
0.944123
0.944435
0.944746
0.945055
0.945363
0.945669
0.945974
0.946277
0.946578
0.946878
0.947176
0.947473
0.947768
0.948062
0.948354
0.948645
0.948934
0.949222
0.949508
0.949793
0.950077
0.950358
0.950639
0.950918
0.951195
0.951471
0.951746
0.952019
0.952291
0.952561
0.95283
0.953097
0.953364
0.953628
0.953892
0.954153
0.954414
0.954673
0.954931
0.955187
0.955442
0.955696
0.955949
0.9562
0.956449
0.956698
0.956945
0.957191
0.957435
0.957678
0.95792
0.958161
0.9584
0.958638
0.958875
0.95911
0.959344
0.959577
0.959809
0.96004
0.960269
0.960497
0.960724
0.960949
0.961173
0.961397
0.961618
0.961839
0.962059
0.962277
0.962494
0.96271
0.962925
0.963139
0.963351
0.963563
0.963773
0.963982
0.96419
0.964396
0.964602
0.964807
0.96501
0.965212
0.965414
0.965614
0.965813
0.966011
0.966207
0.966403
0.966598
0.966791
0.966984
0.967175
0.967366
0.967555
0.967744
0.967931
0.968117
0.968302
0.968487
0.96867
0.968852
0.969033
0.969213
0.969393
0.969571
0.969748
0.969924
0.970099
0.970274
0.970447
0.970619
0.970791
0.970961
0.97113
0.971299
0.971467
0.971633
0.971799
0.971964
0.972128
0.972291
0.972453
0.972614
0.972774
0.972933
0.973092
0.973249
0.973406
0.973562
0.973717
0.973871
0.974024
0.974176
0.974328
0.974478
0.974628
0.974777
0.974925
0.975072
0.975219
0.975364
0.975509
0.975653
0.975796
0.975939
0.97608
0.976221
0.976361
0.9765
0.976638
0.976776
0.976912
0.977049
0.977184
0.977318
0.977452
0.977585
0.977717
0.977848
0.977979
0.978109
0.978238
0.978367
0.978494
0.978621
0.978748
0.978873
0.978998
0.979122
0.979245
0.979368
0.97949
0.979611
0.979732
0.979852
0.979971
0.98009
0.980207
0.980325
0.980441
0.980557
0.980672
0.980787
0.9809
0.981014
0.981126
0.981238
0.981349
0.98146
0.98157
0.981679
0.981788
0.981896
0.982004
0.98211
0.982217
0.982322
0.982427
0.982532
0.982635
0.982738
0.982841
0.982943
0.983044
0.983145
0.983245
0.983345
0.983444
0.983543
0.983641
0.983738
0.983835
0.983931
0.984027
0.984122
0.984217
0.984311
0.984404
0.984497
0.984589
0.984681
0.984772
0.984863
0.984953
0.985043
0.985132
0.985221
0.985309
0.985397
0.985484
0.985571
0.985657
0.985743
0.985828
0.985912
0.985996
0.98608
0.986163
0.986246
0.986328
0.98641
0.986491
0.986572
0.986652
0.986732
0.986811
0.98689
0.986969
0.987046
0.987124
0.987201
0.987278
0.987354
0.987429
0.987505
0.987579
0.987654
0.987728
0.987801
0.987874
0.987947
0.988019
0.988091
0.988162
0.988233
0.988304
0.988374
0.988443
0.988513
0.988582
0.98865
0.988718
0.988786
0.988853
0.98892
0.988986
0.989053
0.989118
0.989184
0.989249
0.989313
0.989377
0.989441
0.989504
0.989567
0.98963
0.989692
0.989754
0.989816
0.989877
0.989938
0.989998
