0
0.05
0.089125
0.119869
0.144094
0.16321
0.178298
0.190197
0.199559
0.206899
0.212622
0.21705
0.220438
0.22299
0.224871
0.226212
0.227116
0.22767
0.22794
0.227982
0.22784
0.227549
0.227139
0.226632
0.226048
0.225401
0.224703
0.223966
0.223196
0.2224
0.221584
0.220752
0.219906
0.219051
0.218188
0.217319
0.216446
0.21557
0.214691
0.213811
0.21293
0.21205
0.211169
0.210289
0.20941
0.208532
0.207655
0.20678
0.205906
0.205034
0.204164
0.203296
0.202429
0.201565
0.200702
0.199842
0.198984
0.198127
0.197273
0.196421
0.195571
0.194724
0.193878
0.193035
0.192194
0.191355
0.190519
0.189684
0.188852
0.188023
0.187195
0.18637
0.185547
0.184726
0.183907
0.183091
0.182277
0.181466
0.180657
0.17985
0.179045
0.178243
0.177443
0.176645
0.17585
0.175057
0.174266
0.173478
0.172692
0.171908
0.171127
0.170348
0.169572
0.168797
0.168026
0.167256
0.166489
0.165725
0.164962
0.164202
0.163445
0.16269
0.161937
0.161187
0.160439
0.159693
0.15895
0.15821
0.157471
0.156735
0.156002
0.155271
0.154542
0.153816
0.153092
0.152371
0.151652
0.150935
0.150221
0.149509
0.1488
0.148093
0.147388
0.146686
0.145987
0.145289
0.144594
0.143902
0.143212
0.142525
0.141839
0.141157
0.140476
0.139799
0.139123
0.13845
0.13778
0.137111
0.136446
0.135782
0.135121
0.134463
0.133807
0.133153
0.132502
0.131853
0.131206
0.130562
0.129921
0.129281
0.128644
0.12801
0.127378
0.126748
0.126121
0.125496
0.124874
0.124254
0.123636
0.123021
0.122408
0.121797
0.121189
0.120583
0.11998
0.119378
0.11878
0.118183
0.117589
0.116998
0.116408
0.115821
0.115237
0.114655
0.114075
0.113497
0.112922
0.112349
0.111778
0.11121
0.110644
0.11008
0.109519
0.10896
0.108403
0.107849
0.107297
0.106747
0.106199
0.105654
0.105111
0.10457
0.104032
0.103496
0.102962
0.10243
0.101901
0.101374
0.100849
0.100326
0.0998056
0.0992874
0.0987714
0.0982576
0.097746
0.0972367
0.0967295
0.0962246
0.0957219
0.0952213
0.0947229
0.0942267
0.0937327
0.0932409
0.0927512
0.0922637
0.0917783
0.0912951
0.090814
0.0903351
0.0898583
0.0893836
0.0889111
0.0884406
0.0879723
0.0875061
0.087042
0.08658
0.08612
0.0856622
0.0852064
0.0847527
0.0843011
0.0838515
0.083404
0.0829586
0.0825151
0.0820738
0.0816344
0.0811971
0.0807618
0.0803285
0.0798972
0.0794679
0.0790406
0.0786154
0.078192
0.0777707
0.0773514
0.076934
0.0765185
0.0761051
0.0756935
0.075284
0.0748763
0.0744706
0.0740668
0.0736649
0.073265
0.0728669
0.0724707
0.0720765
0.0716841
0.0712936
0.0709049
0.0705182
0.0701333
0.0697502
0.0693691
0.0689897
0.0686122
0.0682365
0.0678626
0.0674906
0.0671204
0.0667519
0.0663853
0.0660205
0.0656574
0.0652961
0.0649366
0.0645789
0.0642229
0.0638687
0.0635162
0.0631655
0.0628165
0.0624693
0.0621237
0.0617799
0.0614378
0.0610974
0.0607587
0.0604216
0.0600863
0.0597526
0.0594206
0.0590903
0.0587616
0.0584346
0.0581092
0.0577855
0.0574634
0.0571429
0.0568241
0.0565068
0.0561912
0.0558772
0.0555647
0.0552539
0.0549446
0.054637
0.0543308
0.0540263
0.0537233
0.0534219
0.053122
0.0528236
0.0525268
0.0522315
0.0519377
0.0516454
0.0513546
0.0510654
0.0507776
0.0504913
0.0502065
0.0499232
0.0496414
0.049361
0.049082
0.0488046
0.0485285
0.0482539
0.0479808
0.047709
0.0474387
0.0471698
0.0469023
0.0466363
0.0463716
0.0461083
0.0458464
0.0455858
0.0453266
0.0450688
0.0448124
0.0445573
0.0443036
0.0440512
0.0438001
0.0435504
0.043302
0.0430549
0.0428092
0.0425647
0.0423215
0.0420797
0.0418391
0.0415998
0.0413618
0.041125
0.0408895
0.0406553
0.0404224
0.0401906
0.0399602
0.0397309
0.0395029
0.0392762
0.0390506
0.0388263
0.0386031
0.0383812
0.0381605
0.037941
0.0377226
0.0375054
0.0372894
0.0370746
0.036861
0.0366485
0.0364371
0.0362269
0.0360179
0.03581
0.0356032
0.0353975
0.035193
0.0349896
0.0347873
0.0345861
0.034386
0.034187
0.0339891
0.0337922
0.0335965
0.0334018
0.0332082
0.0330156
0.0328242
0.0326337
0.0324443
0.032256
0.0320687
0.0318824
0.0316972
0.031513
0.0313298
0.0311476
0.0309664
0.0307862
0.030607
0.0304288
0.0302516
0.0300754
0.0299002
0.0297259
0.0295526
0.0293803
0.0292089
0.0290385
0.028869
0.0287004
0.0285329
0.0283662
0.0282005
0.0280357
0.0278718
0.0277088
0.0275468
0.0273856
0.0272254
0.0270661
0.0269076
0.0267501
0.0265934
0.0264376
0.0262827
0.0261286
0.0259754
0.0258231
0.0256716
0.025521
0.0253713
0.0252223
0.0250743
0.024927
0.0247806
0.024635
0.0244902
0.0243463
0.0242032
0.0240608
0.0239193
0.0237786
0.0236387
0.0234996
0.0233612
0.0232237
0.0230869
0.0229509
0.0228157
0.0226812
0.0225475
0.0224146
0.0222824
0.022151
0.0220204
0.0218904
0.0217612
0.0216328
0.0215051
0.0213781
0.0212518
0.0211263
0.0210015
0.0208774
0.020754
0.0206313
0.0205093
0.020388
0.0202674
0.0201475
0.0200283
0.0199097
0.0197919
0.0196747
0.0195582
0.0194423
0.0193272
0.0192127
0.0190988
0.0189856
0.0188731
0.0187612
0.0186499
0.0185393
0.0184293
0.01832
0.0182113
0.0181032
0.0179957
0.0178889
0.0177827
0.0176771
0.0175721
0.0174677
0.0173639
0.0172607
0.0171581
0.0170561
0.0169547
0.0168539
0.0167536
0.016654
0.0165549
0.0164564
0.0163585
0.0162611
0.0161643
0.0160681
0.0159724
0.0158772
0.0157827
0.0156887
0.0155952
0.0155023
0.0154099
0.015318
0.0152267
0.0151359
0.0150457
0.0149559
0.0148667
0.014778
0.0146899
0.0146022
0.014515
0.0144284
0.0143423
0.0142567
0.0141715
0.0140869
0.0140028
0.0139191
0.013836
0.0137533
0.0136711
0.0135894
0.0135082
0.0134274
0.0133471
0.0132673
0.013188
0.0131091
0.0130307
0.0129527
0.0128752
0.0127982
0.0127216
0.0126455
0.0125698
0.0124945
0.0124197
0.0123454
0.0122714
0.0121979
0.0121249
0.0120522
0.01198
0.0119082
0.0118369
0.0117659
0.0116954
0.0116253
0.0115556
0.0114863
0.0114174
0.011349
0.0112809
0.0112132
0.011146
0.0110791
0.0110126
0.0109465
0.0108808
0.0108155
0.0107506
0.0106861
0.0106219
0.0105581
0.0104947
0.0104317
0.0103691
0.0103068
0.0102449
0.0101833
0.0101221
0.0100613
0.0100008
