1
0.95
0.909875
0.877348
0.850726
0.828728
0.810376
0.794911
0.781745
0.770414
0.760553
0.751873
0.744144
0.737182
0.730842
0.725004
0.719575
0.714479
0.709656
0.705055
0.700637
0.696371
0.69223
0.688194
0.684246
0.680372
0.676562
0.672805
0.669096
0.665427
0.661796
0.658196
0.654627
0.651084
0.647566
0.644071
0.640598
0.637145
0.633712
0.630298
0.626903
0.623525
0.620165
0.616821
0.613495
0.610184
0.606891
0.603613
0.600351
0.597105
0.593874
0.590659
0.58746
0.584276
0.581107
0.577953
0.574815
0.571691
0.568583
0.565489
0.562411
0.559347
0.556298
0.553263
0.550244
0.547239
0.544248
0.541272
0.53831
0.535363
0.53243
0.529512
0.526607
0.523717
0.520841
0.517979
0.515131
0.512297
0.509477
0.506671
0.503878
0.5011
0.498335
0.495584
0.492846
0.490122
0.487412
0.484715
0.482031
0.479361
0.476704
0.47406
0.47143
0.468813
0.466208
0.463617
0.461039
0.458474
0.455922
0.453382
0.450856
0.448342
0.445841
0.443353
0.440877
0.438414
0.435963
0.433524
0.431099
0.428685
0.426284
0.423895
0.421518
0.419154
0.416801
0.414461
0.412132
0.409816
0.407511
0.405219
0.402938
0.400669
0.398411
0.396166
0.393932
0.391709
0.389498
0.387299
0.385111
0.382934
0.380769
0.378614
0.376472
0.37434
0.372219
0.37011
0.368012
0.365924
0.363848
0.361782
0.359727
0.357683
0.35565
0.353628
0.351616
0.349615
0.347624
0.345644
0.343675
0.341716
0.339767
0.337828
0.3359
0.333982
0.332075
0.330177
0.32829
0.326412
0.324545
0.322688
0.32084
0.319002
0.317175
0.315357
0.313549
0.31175
0.309961
0.308182
0.306412
0.304652
0.302902
0.30116
0.299428
0.297706
0.295993
0.294289
0.292594
0.290909
0.289232
0.287565
0.285907
0.284258
0.282617
0.280986
0.279363
0.27775
0.276145
0.274549
0.272961
0.271383
0.269813
0.268251
0.266698
0.265154
0.263618
0.26209
0.260571
0.25906
0.257558
0.256063
0.254577
0.253099
0.25163
0.250168
0.248714
0.247269
0.245831
0.244402
0.24298
0.241566
0.24016
0.238762
0.237371
0.235988
0.234613
0.233246
0.231886
0.230533
0.229189
0.227851
0.226521
0.225199
0.223884
0.222576
0.221275
0.219982
0.218696
0.217417
0.216146
0.214881
0.213624
0.212373
0.21113
0.209893
0.208664
0.207441
0.206225
0.205016
0.203814
0.202619
0.20143
0.200248
0.199073
0.197904
0.196742
0.195587
0.194438
0.193295
0.192159
0.19103
0.189906
0.188789
0.187679
0.186575
0.185477
0.184385
0.183299
0.18222
0.181146
0.180079
0.179018
0.177963
0.176914
0.17587
0.174833
0.173802
0.172776
0.171757
0.170743
0.169735
0.168733
0.167736
0.166745
0.16576
0.16478
0.163806
0.162838
0.161875
0.160918
0.159966
0.15902
0.158079
0.157143
0.156213
0.155288
0.154368
0.153454
0.152545
0.151641
0.150742
0.149849
0.14896
0.148077
0.147199
0.146326
0.145458
0.144595
0.143737
0.142884
0.142035
0.141192
0.140354
0.13952
0.138691
0.137867
0.137048
0.136233
0.135424
0.134619
0.133818
0.133022
0.132231
0.131444
0.130662
0.129885
0.129112
0.128343
0.127579
0.12682
0.126064
0.125314
0.124567
0.123825
0.123087
0.122354
0.121624
0.120899
0.120178
0.119462
0.118749
0.118041
0.117337
0.116637
0.115941
0.115249
0.114561
0.113877
0.113197
0.112521
0.111849
0.111181
0.110517
0.109857
0.109201
0.108548
0.107899
0.107254
0.106613
0.105976
0.105342
0.104712
0.104086
0.103463
0.102844
0.102229
0.101617
0.101009
0.100405
0.0998036
0.0992061
0.0986122
0.0980217
0.0974346
0.0968511
0.0962709
0.0956942
0.0951208
0.0945509
0.0939843
0.093421
0.092861
0.0923043
0.0917509
0.0912008
0.0906539
0.0901102
0.0895698
0.0890325
0.0884984
0.0879674
0.0874396
0.0869148
0.0863932
0.0858746
0.0853592
0.0848467
0.0843373
0.0838309
0.0833275
0.082827
0.0823295
0.081835
0.0813434
0.0808547
0.0803688
0.0798859
0.0794058
0.0789285
0.0784541
0.0779825
0.0775137
0.0770476
0.0765843
0.0761238
0.075666
0.0752109
0.0747585
0.0743087
0.0738617
0.0734173
0.0729755
0.0725364
0.0720998
0.0716659
0.0712345
0.0708057
0.0703794
0.0699557
0.0695345
0.0691157
0.0686995
0.0682858
0.0678745
0.0674656
0.0670592
0.0666552
0.0662536
0.0658544
0.0654575
0.0650631
0.064671
0.0642812
0.0638937
0.0635085
0.0631256
0.0627451
0.0623667
0.0619907
0.0616168
0.0612452
0.0608758
0.0605087
0.0601437
0.0597808
0.0594202
0.0590617
0.0587053
0.0583511
0.057999
0.0576489
0.057301
0.0569551
0.0566113
0.0562696
0.0559299
0.0555922
0.0552566
0.0549229
0.0545913
0.0542616
0.0539339
0.0536082
0.0532844
0.0529625
0.0526426
0.0523245
0.0520084
0.0516942
0.0513818
0.0510713
0.0507627
0.0504559
0.050151
0.0498479
0.0495466
0.0492471
0.0489494
0.0486535
0.0483593
0.0480669
0.0477763
0.0474874
0.0472003
0.0469148
0.0466311
0.046349
0.0460687
0.0457901
0.0455131
0.0452377
0.0449641
0.044692
0.0444216
0.0441529
0.0438857
0.0436201
0.0433562
0.0430938
0.042833
0.0425737
0.042316
0.0420599
0.0418053
0.0415522
0.0413007
0.0410506
0.0408021
0.040555
0.0403095
0.0400654
0.0398228
0.0395816
0.0393419
0.0391036
0.0388668
0.0386313
0.0383973
0.0381648
0.0379336
0.0377038
0.0374753
0.0372483
0.0370226
0.0367983
0.0365753
0.0363537
0.0361334
0.0359144
0.0356967
0.0354804
0.0352654
0.0350516
0.0348391
0.034628
0.0344181
0.0342094
0.034002
0.0337959
0.033591
0.0333873
0.0331849
0.0329837
0.0327837
0.0325849
0.0323873
0.0321908
0.0319956
0.0318016
0.0316087
0.031417
0.0312264
0.031037
0.0308487
0.0306616
0.0304756
0.0302907
0.0301069
0.0299243
0.0297427
0.0295622
0.0293829
0.0292046
0.0290274
0.0288512
0.0286761
0.0285021
0.0283291
0.0281572
0.0279863
0.0278164
0.0276476
0.0274798
0.027313
0.0271472
0.0269824
0.0268186
0.0266558
0.026494
0.0263331
0.0261732
0.0260143
0.0258564
0.0256994
0.0255433
0.0253882
0.0252341
0.0250808
0.0249285
0.0247771
0.0246266
0.0244771
0.0243284
0.0241807
0.0240338
0.0238878
0.0237427
0.0235985
0.0234551
0.0233127
0.023171
0.0230303
