2
3.59995
4.87978
5.90349
6.7223
7.37721
7.90101
8.31994
8.65498
8.92291
9.13715
9.30844
9.44537
9.55481
9.64225
9.71209
9.76786
9.81236
9.84785
9.87612
9.89862
9.91651
9.93069
9.94192
9.95078
9.95774
9.96319
9.96741
9.97066
9.97313
9.97498
9.97632
9.97725
9.97786
9.97821
9.97835
9.97832
9.97815
9.97787
9.9775
9.97705
9.97655
9.97599
9.97539
9.97475
9.97408
9.97339
9.97268
9.97195
9.9712
9.97044
9.96966
9.96887
9.96807
9.96725
9.96643
9.9656
9.96475
9.9639
9.96304
9.96217
9.96129
9.9604
9.95951
9.9586
9.95769
9.95677
9.95584
9.95491
9.95396
9.95301
9.95205
9.95108
9.9501
9.94911
9.94812
9.94712
9.94611
9.94509
9.94407
9.94303
9.94199
9.94094
9.93988
9.93882
9.93775
9.93666
9.93557
9.93448
9.93337
9.93226
9.93114
9.93001
9.92887
9.92772
9.92657
9.92541
9.92424
9.92306
9.92187
9.92068
9.91948
9.91827
9.91705
9.91582
9.91459
9.91335
9.9121
9.91084
9.90957
9.9083
9.90702
9.90573
9.90443
9.90312
9.90181
9.90049
9.89916
9.89782
9.89648
9.89512
9.89376
9.89239
9.89101
9.88963
9.88823
9.88683
9.88542
9.884
9.88258
9.88114
9.8797
9.87825
9.8768
9.87533
9.87386
9.87237
9.87088
9.86939
9.86788
9.86637
9.86485
9.86332
9.86178
9.86024
9.85868
9.85712
9.85555
9.85397
9.85239
9.85079
9.84919
9.84758
9.84597
9.84434
9.84271
9.84107
9.83942
9.83776
9.8361
9.83442
9.83274
9.83106
9.82936
9.82765
9.82594
9.82422
9.82249
9.82076
9.81901
9.81726
9.8155
9.81373
9.81196
9.81017
9.80838
9.80658
9.80477
9.80296
9.80113
9.7993
9.79746
9.79561
9.79376
9.79189
9.79002
9.78814
9.78626
9.78436
9.78246
9.78055
9.77863
9.7767
9.77477
9.77282
9.77087
9.76891
9.76695
9.76497
9.76299
9.761
9.759
9.75699
9.75498
9.75296
9.75093
9.74889
9.74685
9.74479
9.74273
9.74066
9.73858
9.7365
9.7344
9.7323
9.7302
9.72808
9.72595
9.72382
9.72168
9.71953
9.71738
9.71521
9.71304
9.71086
9.70867
9.70648
9.70427
9.70206
9.69984
9.69761
9.69538
9.69314
9.69089
9.68863
9.68636
9.68409
9.6818
9.67951
9.67721
9.67491
9.6726
9.67027
9.66794
9.66561
9.66326
9.66091
9.65855
9.65618
9.6538
9.65142
9.64902
9.64662
9.64422
9.6418
9.63938
9.63694
9.63451
9.63206
9.6296
9.62714
9.62467
9.62219
9.6197
9.61721
9.61471
9.6122
9.60968
9.60715
9.60462
9.60208
9.59953
9.59697
9.59441
9.59184
9.58925
9.58667
9.58407
9.58147
9.57885
9.57623
9.57361
9.57097
9.56833
9.56568
9.56302
9.56035
9.55768
9.555
9.55231
9.54961
9.54691
9.54419
9.54147
9.53874
9.53601
9.53326
9.53051
9.52775
9.52498
9.52221
9.51942
9.51663
9.51383
9.51103
9.50821
9.50539
9.50256
9.49973
9.49688
9.49403
9.49117
9.4883
9.48542
9.48254
9.47965
9.47675
9.47384
9.47092
9.468
9.46507
9.46213
9.45919
9.45623
9.45327
9.4503
9.44732
9.44434
9.44135
9.43835
9.43534
9.43232
9.4293
9.42627
9.42323
9.42019
9.41713
9.41407
9.411
9.40792
9.40484
9.40174
9.39864
9.39553
9.39242
9.3893
9.38616
9.38303
9.37988
9.37673
9.37356
9.37039
9.36722
9.36403
9.36084
9.35764
9.35443
9.35121
9.34799
9.34476
9.34152
9.33827
9.33502
9.33176
9.32849
9.32521
9.32193
9.31863
9.31534
9.31203
9.30871
9.30539
9.30206
9.29872
9.29538
9.29202
9.28866
9.28529
9.28192
9.27853
9.27514
9.27174
9.26834
9.26492
9.2615
9.25807
9.25464
9.25119
9.24774
9.24428
9.24081
9.23734
9.23385
9.23036
9.22686
9.22336
9.21985
9.21632
9.2128
9.20926
9.20572
9.20216
9.19861
9.19504
9.19146
9.18788
9.18429
9.1807
9.17709
9.17348
9.16986
9.16623
9.1626
9.15896
9.15531
9.15165
9.14799
9.14431
9.14063
9.13694
9.13325
9.12955
9.12584
9.12212
9.1184
9.11466
9.11092
9.10717
9.10342
9.09966
9.09589
9.09211
9.08832
9.08453
9.08073
9.07692
9.07311
9.06929
9.06546
9.06162
9.05777
9.05392
9.05006
9.04619
9.04232
9.03843
9.03454
9.03065
9.02674
9.02283
9.01891
9.01498
9.01105
9.0071
9.00315
8.9992
8.99523
8.99126
8.98728
8.98329
8.9793
8.9753
8.97129
8.96727
8.96325
8.95922
8.95518
8.95113
8.94708
8.94302
8.93895
8.93487
8.93079
8.9267
8.9226
8.91849
8.91438
8.91026
8.90613
8.902
8.89785
8.8937
8.88955
8.88538
8.88121
8.87703
8.87284
8.86865
8.86445
8.86024
8.85602
8.8518
8.84757
8.84333
8.83909
8.83483
8.83057
8.82631
8.82203
8.81775
8.81346
8.80916
8.80486
8.80055
8.79623
8.7919
8.78757
8.78323
8.77888
8.77452
8.77016
8.76579
8.76141
8.75703
8.75264
8.74824
8.74383
8.73942
8.735
8.73057
8.72614
8.72169
8.71724
8.71279
8.70832
8.70385
8.69937
8.69489
8.69039
8.68589
8.68138
8.67687
8.67235
8.66782
8.66328
8.65874
8.65419
8.64963
8.64506
8.64049
8.63591
8.63132
8.62673
8.62213
8.61752
8.6129
8.60828
8.60365
8.59902
8.59437
8.58972
8.58506
8.5804
8.57572
8.57104
8.56636
8.56166
8.55696
8.55225
8.54754
8.54281
8.53808
8.53335
8.5286
8.52385
8.51909
8.51433
8.50955
8.50477
8.49999
8.49519
8.49039
8.48558
8.48077
8.47595
8.47112
8.46628
8.46144
8.45659
8.45173
8.44687
8.44199
8.43712
8.43223
8.42734
8.42244
8.41753
8.41262
8.4077
8.40277
8.39783
8.39289
8.38794
8.38299
8.37802
8.37305
8.36808
8.36309
8.3581
8.3531
8.3481
8.34309
8.33807
8.33304
8.32801
8.32297
8.31792
8.31287
8.30781
8.30274
8.29767
8.29259
8.2875
8.2824
8.2773
8.27219
8.26708
8.26196
8.25683
8.25169
8.24655
8.2414
8.23624
8.23108
8.2259
8.22073
8.21554
8.21035
8.20515
8.19995
8.19474
8.18952
8.18429
8.17906
8.17382
8.16857
8.16332
8.15806
8.15279
8.14752
8.14224
8.13695
8.13166
8.12636
8.12105
8.11574
8.11042
8.10509
8.09975
8.09441
8.08906
8.08371
8.07835
8.07298
8.0676
8.06222
8.05683
8.05144
8.04604
8.04063
8.03521
8.02979
8.02436
8.01893
8.01349
8.00804
8.00258
7.99712
7.99165
7.98618
7.9807
7.97521
7.96971
7.96421
7.9587
7.95318
7.94766
7.94213
7.9366
7.93106
7.92551
7.91995
7.91439
7.90882
7.90325
7.89767
7.89208
7.88648
7.88088
7.87528
7.86966
7.86404
7.85841
7.85278
7.84714
7.84149
7.83584
7.83018
7.82451
7.81884
7.81316
7.80747
7.80178
7.79608
7.79037
7.78466
7.77894
7.77322
7.76749
7.76175
7.756
7.75025
7.7445
7.73873
7.73296
7.72718
7.7214
7.71561
7.70982
7.70401
7.6982
7.69239
7.68657
7.68074
7.67491
7.66906
7.66322
7.65736
7.6515
7.64564
7.63977
7.63389
7.628
7.62211
7.61621
7.61031
7.6044
7.59848
7.59256
7.58663
7.58069
7.57475
7.5688
7.56285
7.55689
7.55092
7.54495
7.53897
7.53298
7.52699
7.52099
7.51499
7.50898
7.50296
7.49694
7.49091
7.48488
7.47883
7.47279
7.46673
7.46067
7.45461
7.44853
7.44246
7.43637
7.43028
7.42418
7.41808
7.41197
7.40586
7.39973
7.39361
7.38747
7.38133
7.37519
7.36904
7.36288
7.35672
7.35055
7.34437
7.33819
7.332
7.32581
7.31961
7.3134
7.30719
7.30097
7.29475
7.28852
7.28228
7.27604
7.26979
7.26354
7.25728
7.25101
7.24474
7.23846
7.23218
7.22589
7.21959
7.21329
7.20699
7.20067
7.19435
7.18803
7.1817
7.17536
7.16902
7.16267
7.15632
7.14996
7.14359
7.13722
7.13084
7.12446
7.11807
7.11168
7.10528
7.09887
7.09246
7.08604
7.07962
7.07319
7.06675
7.06031
7.05387
7.04741
7.04096
7.03449
7.02802
7.02155
7.01507
7.00858
7.00209
6.99559
6.98909
6.98258
6.97607
6.96955
6.96302
6.95649
6.94996
6.94341
6.93687
6.93031
6.92375
6.91719
6.91062
6.90404
6.89746
6.89088
6.88428
6.87769
6.87108
6.86447
6.85786
6.85124
6.84461
6.83798
6.83135
6.82471
6.81806
6.81141
6.80475
6.79809
6.79142
6.78475
6.77807
6.77138
6.76469
6.758
6.7513
6.74459
6.73788
6.73116
6.72444
6.71771
6.71098
6.70424
6.6975
6.69075
6.684
6.67724
6.67048
6.66371
6.65693
6.65015
6.64337
6.63658
6.62978
6.62298
6.61618
6.60936
6.60255
6.59573
6.5889
6.58207
6.57523
6.56839
6.56155
6.55469
6.54784
6.54098
6.53411
6.52724
6.52036
6.51348
6.50659
6.4997
6.4928
6.4859
6.47899
6.47208
6.46516
6.45824
6.45131
6.44438
6.43745
6.4305
6.42356
6.41661
6.40965
6.40269
6.39572
6.38875
6.38178
6.3748
6.36781
6.36082
6.35383
6.34683
6.33982
6.33281
6.3258
6.31878
6.31176
6.30473
6.2977
6.29066
6.28362
6.27657
6.26952
6.26246
6.2554
6.24834
6.24127
6.23419
6.22711
6.22003
6.21294
6.20585
6.19875
6.19165
6.18454
6.17743
6.17031
6.16319
6.15607
6.14894
6.1418
6.13466
6.12752
6.12037
6.11322
6.10607
6.09891
6.09174
6.08457
6.0774
6.07022
6.06304
6.05585
6.04866
6.04146
6.03426
6.02706
6.01985
6.01264
6.00542
5.9982
5.99098
5.98375
5.97651
5.96927
5.96203
5.95479
5.94754
5.94028
5.93302
5.92576
5.91849
5.91122
5.90395
5.89667
5.88938
5.8821
5.8748
5.86751
5.86021
5.85291
5.8456
5.83829
5.83097
5.82365
5.81633
5.809
5.80167
5.79434
5.787
5.77965
5.77231
5.76496
5.7576
5.75025
5.74288
5.73552
5.72815
5.72078
5.7134
5.70602
5.69863
5.69124
5.68385
5.67646
5.66906
5.66165
5.65425
5.64684
5.63942
5.63201
5.62459
5.61716
5.60973
5.6023
5.59487
5.58743
5.57998
5.57254
5.56509
5.55764
5.55018
5.54272
5.53526
5.52779
5.52032
5.51285
5.50537
5.49789
5.49041
5.48292
5.47543
5.46794
5.46044
5.45294
5.44544
5.43793
5.43042
5.42291
5.41539
5.40787
5.40035
5.39283
5.3853
5.37777
5.37023
5.36269
5.35515
5.34761
5.34006
5.33251
5.32496
5.3174
5.30984
5.30228
5.29472
5.28715
5.27958
5.272
5.26443
5.25685
5.24927
5.24168
5.23409
5.2265
5.21891
5.21131
5.20371
5.19611
5.18851
5.1809
5.17329
5.16568
5.15806
5.15044
5.14282
5.1352
5.12757
5.11995
5.11232
5.10468
5.09705
5.08941
5.08177
5.07412
5.06648
5.05883
5.05118
5.04353
5.03587
5.02821
5.02055
5.01289
5.00523
4.99756
4.98989
4.98222
4.97454
4.96687
4.95919
4.95151
4.94383
4.93614
4.92845
4.92076
4.91307
4.90538
4.89769
4.88999
4.88229
4.87459
4.86688
4.85918
4.85147
4.84376
4.83605
4.82834
4.82062
4.81291
4.80519
4.79747
4.78975
4.78202
4.7743
4.76657
4.75884
4.75111
4.74338
4.73564
4.7279
4.72017
4.71243
4.70469
4.69694
4.6892
4.68146
4.67371
4.66596
4.65821
4.65046
4.64271
4.63495
4.6272
4.61944
4.61168
4.60392
4.59616
4.5884
4.58063
4.57287
4.5651
4.55734
4.54957
4.5418
4.53403
4.52626
4.51848
4.51071
4.50293
4.49516
4.48738
4.4796
4.47182
4.46404
4.45626
4.44848
4.4407
4.43291
4.42513
4.41734
4.40956
4.40177
4.39398
4.38619
4.37841
4.37062
4.36283
4.35503
4.34724
4.33945
4.33166
4.32386
4.31607
4.30828
4.30048
4.29269
4.28489
4.27709
4.2693
4.2615
4.2537
4.2459
4.23811
4.23031
4.22251
4.21471
4.20691
4.19911
4.19131
4.18351
4.17571
4.16791
4.16011
4.15232
4.14452
4.13672
4.12892
4.12112
4.11332
4.10552
4.09772
4.08992
4.08212
4.07432
4.06652
4.05872
4.05092
4.04313
4.03533
4.02753
4.01973
4.01194
4.00414
3.99635
3.98855
3.98076
3.97296
3.96517
3.95738
3.94958
3.94179
3.934
3.92621
3.91842
3.91063
3.90284
3.89506
3.88727
3.87948
3.8717
3.86391
3.85613
3.84835
3.84057
3.83279
3.82501
3.81723
3.80945
3.80168
3.7939
3.78613
3.77836
3.77058
3.76281
3.75504
3.74728
3.73951
3.73175
3.72398
3.71622
3.70846
3.7007
3.69294
3.68519
3.67743
3.66968
3.66193
3.65418
3.64643
3.63868
3.63094
3.62319
3.61545
3.60771
3.59997
3.59224
3.5845
3.57677
3.56904
3.56131
3.55359
3.54586
3.53814
3.53042
3.5227
3.51499
3.50727
3.49956
3.49185
3.48414
3.47644
3.46874
3.46104
3.45334
3.44564
3.43795
3.43026
3.42257
3.41489
3.4072
3.39952
3.39185
3.38417
3.3765
3.36883
3.36116
3.3535
3.34584
3.33818
3.33052
3.32287
3.31522
3.30757
3.29993
3.29229
3.28465
3.27702
3.26939
3.26176
3.25413
3.24651
3.23889
3.23128
3.22366
3.21605
3.20845
3.20085
3.19325
3.18565
3.17806
3.17047
3.16289
3.15531
3.14773
3.14015
3.13258
3.12502
3.11746
3.1099
3.10234
3.09479
3.08724
3.0797
3.07216
3.06462
3.05709
3.04956
3.04204
3.03452
3.02701
3.01949
3.01199
3.00449
2.99699
2.98949
2.982
2.97452
2.96704
2.95956
2.95209
2.94462
2.93716
2.9297
2.92225
2.9148
2.90735
2.89991
2.89248
2.88505
2.87762
2.8702
2.86279
2.85538
2.84797
2.84057
2.83317
2.82578
2.8184
2.81102
2.80364
2.79627
2.78891
2.78155
2.77419
2.76684
2.7595
2.75216
2.74483
2.7375
2.73018
2.72286
2.71555
2.70825
2.70095
2.69365
2.68637
2.67908
2.67181
2.66454
2.65727
2.65001
2.64276
2.63551
2.62827
2.62104
2.61381
2.60658
2.59937
2.59216
2.58495
2.57775
2.57056
2.56338
2.5562
2.54903
2.54186
2.5347
2.52755
2.5204
2.51326
2.50612
2.499
2.49188
2.48476
2.47766
2.47056
2.46346
2.45638
2.4493
2.44222
2.43516
2.4281
2.42105
2.414
2.40697
2.39994
2.39291
2.3859
2.37889
2.37189
2.36489
2.3579
2.35093
2.34395
2.33699
2.33003
2.32308
2.31614
2.30921
2.30228
2.29536
2.28845
2.28155
2.27465
2.26776
2.26088
2.25401
2.24714
2.24029
2.23344
2.2266
2.21977
2.21294
2.20613
2.19932
2.19252
2.18573
2.17895
2.17217
2.1654
2.15865
2.1519
2.14516
2.13842
2.1317
2.12498
2.11828
2.11158
2.10489
2.09821
2.09154
2.08487
2.07822
2.07157
2.06493
2.05831
2.05169
2.04508
2.03848
2.03188
2.0253
2.01873
2.01216
2.00561
1.99906
1.99252
1.986
1.97948
1.97297
1.96647
1.95998
1.9535
1.94703
1.94057
1.93411
1.92767
1.92124
1.91481
1.9084
1.902
1.8956
1.88922
1.88284
1.87648
1.87012
1.86378
1.85744
1.85112
1.84481
1.8385
1.83221
1.82592
1.81965
1.81338
1.80713
1.80088
1.79465
1.78843
1.78222
1.77601
1.76982
1.76364
1.75747
1.75131
1.74516
1.73902
1.73289
1.72677
1.72066
1.71457
1.70848
1.7024
1.69634
1.69029
1.68424
1.67821
1.67219
1.66618
1.66018
1.65419
1.64821
1.64225
1.63629
1.63035
1.62441
1.61849
1.61258
1.60668
1.60079
1.59491
1.58905
1.58319
1.57735
1.57152
1.5657
1.55989
1.55409
1.54831
1.54253
1.53677
1.53102
1.52528
1.51955
1.51383
1.50813
1.50243
1.49675
1.49108
1.48542
1.47978
1.47414
1.46852
1.46291
1.45731
1.45172
1.44615
1.44058
1.43503
1.42949
1.42397
1.41845
1.41295
1.40746
1.40198
1.39651
1.39106
1.38562
1.38019
1.37477
1.36936
1.36397
1.35859
1.35322
1.34786
1.34252
1.33718
1.33186
1.32656
1.32126
1.31598
1.31071
1.30545
1.30021
1.29498
1.28976
1.28455
1.27935
1.27417
1.269
1.26385
1.2587
1.25357
1.24845
1.24334
1.23825
1.23317
1.2281
1.22305
1.218
1.21297
1.20796
1.20295
1.19796
1.19298
1.18801
1.18306
1.17812
1.17319
1.16828
1.16338
1.15849
1.15361
1.14875
1.1439
1.13906
1.13424
1.12943
1.12463
1.11985
1.11507
1.11031
1.10557
1.10084
1.09612
1.09141
1.08671
1.08203
1.07737
1.07271
1.06807
1.06344
1.05883
1.05422
1.04964
1.04506
1.0405
1.03595
1.03141
1.02689
1.02238
1.01788
1.0134
1.00893
1.00447
1.00002
0.995593
0.991175
0.986771
0.982379
0.978001
0.973635
0.969283
0.964944
0.960619
0.956306
0.952007
0.947721
0.943448
0.939188
0.934942
0.930709
0.926489
0.922282
0.918088
0.913908
0.90974
0.905586
0.901445
0.897318
0.893203
0.889102
0.885014
0.880939
0.876877
0.872828
0.868793
0.86477
0.860761
0.856765
0.852782
0.848813
0.844856
0.840912
0.836982
0.833065
0.829161
0.82527
0.821392
0.817527
0.813675
0.809836
0.806011
0.802198
0.798399
0.794612
0.790839
0.787078
0.783331
0.779597
0.775875
0.772167
0.768471
0.764789
0.761119
0.757463
0.753819
0.750188
0.74657
0.742965
0.739373
0.735794
0.732228
0.728674
0.725133
0.721606
0.71809
0.714588
0.711099
0.707622
0.704158
0.700707
0.697268
0.693842
0.690429
0.687029
0.683641
0.680266
0.676903
0.673553
0.670216
0.666891
0.663579
0.660279
0.656992
0.653718
0.650455
0.647206
0.643968
0.640744
0.637531
0.634331
0.631144
0.627968
0.624806
0.621655
0.618517
0.615391
0.612277
0.609176
0.606086
0.603009
0.599944
0.596892
0.593851
0.590823
0.587806
0.584802
0.58181
0.57883
0.575861
0.572905
0.569961
0.567029
0.564108
0.5612
0.558303
0.555418
0.552545
0.549684
0.546835
0.543997
0.541171
0.538357
0.535555
0.532764
0.529985
0.527217
0.524461
0.521717
0.518984
0.516263
0.513553
0.510854
0.508167
0.505492
0.502828
0.500175
0.497533
0.494903
0.492284
0.489676
0.48708
0.484495
0.481921
0.479358
0.476806
0.474265
0.471735
0.469217
0.466709
0.464212
0.461727
0.459252
0.456788
0.454335
0.451893
0.449462
0.447041
0.444631
0.442232
0.439844
0.437466
0.435099
0.432742
0.430397
0.428061
0.425736
0.423422
0.421118
0.418825
0.416542
0.414269
0.412007
0.409755
0.407514
0.405282
0.403061
0.40085
0.398649
0.396459
0.394278
0.392108
0.389948
0.387797
0.385657
0.383526
0.381406
0.379295
0.377195
0.375104
0.373023
0.370952
0.36889
0.366838
0.364796
0.362764
0.360741
0.358728
0.356724
0.35473
0.352745
0.35077
0.348804
0.346848
0.344901
0.342964
0.341035
0.339116
0.337207
0.335306
0.333415
0.331533
0.32966
0.327796
0.325941
0.324095
0.322258
0.32043
0.318612
0.316802
0.315001
0.313208
0.311425
0.30965
0.307884
0.306127
0.304379
0.302639
0.300908
0.299185
0.297471
0.295766
0.294069
0.29238
0.2907
0.289029
0.287366
0.285711
0.284064
0.282426
0.280796
0.279174
0.27756
0.275955
0.274358
0.272769
0.271187
0.269614
0.268049
0.266492
0.264943
0.263402
0.261869
0.260343
0.258825
0.257316
0.255814
0.254319
0.252833
0.251354
0.249882
0.248418
0.246962
0.245514
0.244073
0.242639
0.241213
0.239794
0.238383
0.236979
0.235582
0.234193
0.232811
0.231436
0.230069
0.228709
0.227355
0.226009
0.22467
0.223338
0.222014
0.220696
0.219385
0.218081
0.216784
0.215494
0.214211
0.212934
0.211665
0.210402
0.209146
0.207897
0.206654
0.205418
0.204189
0.202966
0.20175
0.20054
0.199337
0.19814
0.19695
