0
0
1e-06
5.29995e-06
1.53544e-05
3.30415e-05
5.94671e-05
9.51058e-05
0.000140042
0.000194173
0.00025733
0.000329346
0.000410073
0.000499391
0.000597204
0.000703434
0.000818018
0.000940907
0.00107206
0.00121144
0.00135902
0.00151477
0.00167868
0.00185073
0.00203091
0.00221921
0.00241561
0.00262011
0.00283269
0.00305337
0.00328212
0.00351895
0.00376386
0.00401683
0.00427788
0.00454698
0.00482416
0.00510939
0.00540269
0.00570405
0.00601347
0.00633094
0.00665648
0.00699007
0.00733172
0.00768143
0.00803919
0.00840501
0.00877888
0.0091608
0.00955078
0.00994882
0.0103549
0.010769
0.0111912
0.0116215
0.0120598
0.0125061
0.0129605
0.013423
0.0138935
0.014372
0.0148586
0.0153533
0.015856
0.0163667
0.0168855
0.0174124
0.0179473
0.0184902
0.0190412
0.0196002
0.0201673
0.0207424
0.0213256
0.0219168
0.0225161
0.0231234
0.0237387
0.0243621
0.0249935
0.025633
0.0262805
0.0269361
0.0275997
0.0282713
0.028951
0.0296387
0.0303344
0.0310382
0.0317501
0.0324699
0.0331978
0.0339338
0.0346778
0.0354298
0.0361898
0.0369579
0.037734
0.0385182
0.0393104
0.0401106
0.0409188
0.0417351
0.0425594
0.0433918
0.0442322
0.0450806
0.045937
0.0468015
0.0476739
0.0485545
0.049443
0.0503396
0.0512442
0.0521568
0.0530774
0.0540061
0.0549428
0.0558875
0.0568403
0.057801
0.0587698
0.0597466
0.0607314
0.0617243
0.0627251
0.063734
0.0647509
0.0657758
0.0668088
0.0678497
0.0688987
0.0699557
0.0710206
0.0720936
0.0731747
0.0742637
0.0753607
0.0764658
0.0775788
0.0786999
0.079829
0.0809661
0.0821111
0.0832642
0.0844253
0.0855944
0.0867716
0.0879567
0.0891498
0.0903509
0.09156
0.0927772
0.0940023
0.0952354
0.0964765
0.0977256
0.0989828
0.100248
0.101521
0.102802
0.104091
0.105388
0.106693
0.108006
0.109327
0.110657
0.111994
0.113339
0.114692
0.116053
0.117422
0.118799
0.120184
0.121577
0.122977
0.124386
0.125803
0.127228
0.128661
0.130102
0.131551
0.133007
0.134472
0.135945
0.137426
0.138914
0.140411
0.141916
0.143428
0.144949
0.146477
0.148014
0.149558
0.151111
0.152671
0.15424
0.155816
0.1574
0.158993
0.160593
0.162201
0.163817
0.165441
0.167073
0.168713
0.170361
0.172017
0.173681
0.175353
0.177033
0.17872
0.180416
0.18212
0.183831
0.185551
0.187278
0.189014
0.190757
0.192509
0.194268
0.196035
0.19781
0.199593
0.201384
0.203183
0.20499
0.206805
0.208628
0.210458
0.212297
0.214143
0.215998
0.21786
0.219731
0.221609
0.223495
0.225389
0.227291
0.229201
0.231119
0.233045
0.234979
0.23692
0.23887
0.240827
0.242793
0.244766
0.246747
0.248736
0.250733
0.252738
0.254751
0.256772
0.2588
0.260837
0.262881
0.264934
0.266994
0.269062
0.271138
0.273222
0.275314
0.277414
0.279521
0.281637
0.28376
0.285891
0.288031
0.290178
0.292333
0.294495
0.296666
0.298845
0.301031
0.303226
0.305428
0.307638
0.309856
0.312082
0.314316
0.316557
0.318807
0.321064
0.323329
0.325602
0.327883
0.330172
0.332469
0.334773
0.337086
0.339406
0.341734
0.34407
0.346414
0.348766
0.351125
0.353492
0.355868
0.358251
0.360642
0.36304
0.365447
0.367861
0.370284
0.372714
0.375152
0.377598
0.380051
0.382513
0.384982
0.387459
0.389944
0.392437
0.394937
0.397446
0.399962
0.402486
0.405018
0.407558
0.410105
0.412661
0.415224
0.417795
0.420373
0.42296
0.425554
0.428157
0.430767
0.433384
0.43601
0.438643
0.441285
0.443934
0.44659
0.449255
0.451927
0.454608
0.457296
0.459991
0.462695
0.465406
0.468125
0.470852
0.473587
0.476329
0.479079
0.481837
0.484603
0.487377
0.490158
0.492947
0.495744
0.498549
0.501361
0.504181
0.507009
0.509845
0.512688
0.515539
0.518398
0.521265
0.524139
0.527021
0.529911
0.532809
0.535714
0.538627
0.541548
0.544477
0.547413
0.550357
0.553309
0.556268
0.559235
0.56221
0.565193
0.568184
0.571182
0.574188
0.577201
0.580222
0.583251
0.586288
0.589333
0.592385
0.595445
0.598512
0.601587
0.60467
0.607761
0.610859
0.613965
0.617079
0.620201
0.62333
0.626467
0.629611
0.632763
0.635923
0.639091
0.642266
0.645449
0.648639
0.651837
0.655043
0.658257
0.661478
0.664707
0.667944
0.671188
0.67444
0.677699
0.680966
0.684241
0.687524
0.690814
0.694111
0.697417
0.70073
0.704051
0.707379
0.710715
0.714058
0.71741
0.720769
0.724135
0.727509
0.730891
0.73428
0.737677
0.741082
0.744494
0.747914
0.751341
0.754776
0.758219
0.761669
0.765127
0.768592
0.772065
0.775546
0.779034
0.78253
0.786033
0.789544
0.793062
0.796589
0.800122
0.803664
0.807212
0.810769
0.814333
0.817904
0.821483
0.82507
0.828664
0.832266
0.835876
0.839492
0.843117
0.846749
0.850388
0.854035
0.85769
0.861352
0.865022
0.868699
0.872384
0.876076
0.879776
0.883483
0.887198
0.890921
0.89465
0.898388
0.902133
0.905885
0.909645
0.913413
0.917187
0.92097
0.92476
0.928557
0.932362
0.936175
0.939995
0.943822
0.947657
0.951499
0.955349
0.959206
0.963071
0.966943
0.970823
0.97471
0.978605
0.982507
0.986416
0.990333
0.994258
0.99819
1.00213
1.00608
1.01003
1.01399
1.01796
1.02194
1.02592
1.02991
1.03391
1.03792
1.04193
1.04595
1.04998
1.05402
1.05806
1.06211
1.06617
1.07023
1.07431
1.07839
1.08247
1.08657
1.09067
1.09478
1.0989
1.10302
1.10716
1.1113
1.11544
1.1196
1.12376
1.12793
1.1321
1.13629
1.14048
1.14467
1.14888
1.15309
1.15731
1.16154
1.16578
1.17002
1.17427
1.17852
1.18279
1.18706
1.19134
1.19562
1.19992
1.20422
1.20853
1.21284
1.21716
1.22149
1.22583
1.23018
1.23453
1.23889
1.24325
1.24763
1.25201
1.2564
1.26079
1.26519
1.2696
1.27402
1.27845
1.28288
1.28732
1.29176
1.29622
1.30068
1.30514
1.30962
1.3141
1.31859
1.32309
1.32759
1.3321
1.33662
1.34115
1.34568
1.35022
1.35477
1.35932
1.36388
1.36845
1.37303
1.37761
1.3822
1.3868
1.3914
1.39601
1.40063
1.40526
1.40989
1.41453
1.41918
1.42384
1.4285
1.43317
1.43784
1.44253
1.44722
1.45191
1.45662
1.46133
1.46605
1.47077
1.47551
1.48025
1.485
1.48975
1.49451
1.49928
1.50405
1.50884
1.51363
1.51842
1.52323
1.52804
1.53286
1.53768
1.54251
1.54735
1.5522
1.55705
1.56191
1.56678
1.57165
1.57654
1.58142
1.58632
1.59122
1.59613
1.60105
1.60597
1.6109
1.61584
1.62078
1.62574
1.63069
1.63566
1.64063
1.64561
1.6506
1.65559
1.66059
1.6656
1.67061
1.67563
1.68066
1.6857
1.69074
1.69579
1.70084
1.70591
1.71098
1.71605
1.72114
1.72623
1.73132
1.73643
1.74154
1.74666
1.75178
1.75691
1.76205
1.7672
1.77235
1.77751
1.78267
1.78785
1.79303
1.79821
1.80341
1.80861
1.81381
1.81903
1.82425
1.82948
1.83471
1.83995
1.8452
1.85045
1.85572
1.86098
1.86626
1.87154
1.87683
1.88213
1.88743
1.89274
1.89805
1.90338
1.9087
1.91404
1.91938
1.92473
1.93009
1.93545
1.94082
1.9462
1.95158
1.95697
1.96237
1.96777
1.97318
1.9786
1.98402
1.98945
1.99489
2.00033
2.00578
2.01124
2.0167
2.02217
2.02765
2.03313
2.03862
2.04412
2.04962
2.05513
2.06065
2.06617
2.0717
2.07724
2.08278
2.08833
2.09388
2.09945
2.10502
2.11059
2.11617
2.12176
2.12736
2.13296
2.13857
2.14418
2.14981
2.15543
2.16107
2.16671
2.17236
2.17801
2.18367
2.18934
2.19501
2.20069
2.20638
2.21207
2.21777
2.22348
2.22919
2.23491
2.24064
2.24637
2.25211
2.25785
2.2636
2.26936
2.27512
2.28089
2.28667
2.29245
2.29824
2.30404
2.30984
2.31565
2.32147
2.32729
2.33312
2.33895
2.34479
2.35064
2.35649
2.36235
2.36822
2.37409
2.37997
2.38585
2.39174
2.39764
2.40354
2.40945
2.41537
2.42129
2.42722
2.43316
2.4391
2.44505
2.451
2.45696
2.46293
2.4689
2.47488
2.48086
2.48685
2.49285
2.49885
2.50486
2.51088
2.5169
2.52293
2.52897
2.53501
2.54105
2.54711
2.55316
2.55923
2.5653
2.57138
2.57746
2.58355
2.58965
2.59575
2.60186
2.60797
2.61409
2.62022
2.62635
2.63249
2.63863
2.64478
2.65094
2.6571
2.66327
2.66944
2.67562
2.68181
2.688
2.6942
2.70041
2.70662
2.71283
2.71905
2.72528
2.73152
2.73776
2.744
2.75026
2.75651
2.76278
2.76905
2.77532
2.7816
2.78789
2.79418
2.80048
2.80679
2.8131
2.81942
2.82574
2.83207
2.8384
2.84474
2.85109
2.85744
2.8638
2.87016
2.87653
2.8829
2.88928
2.89567
2.90206
2.90846
2.91486
2.92127
2.92769
2.93411
2.94053
2.94697
2.9534
2.95985
2.9663
2.97275
2.97921
2.98568
2.99215
2.99863
3.00511
3.0116
3.01809
3.02459
3.0311
3.03761
3.04412
3.05065
3.05717
3.06371
3.07025
3.07679
3.08334
3.0899
3.09646
3.10302
3.1096
3.11617
3.12276
3.12935
3.13594
3.14254
3.14914
3.15575
3.16237
3.16899
3.17562
3.18225
3.18889
3.19553
3.20218
3.20883
3.21549
3.22215
3.22882
3.2355
3.24218
3.24886
3.25555
3.26225
3.26895
3.27566
3.28237
3.28909
3.29581
3.30254
3.30927
3.31601
3.32275
3.3295
3.33626
3.34302
3.34978
3.35655
3.36333
3.37011
3.37689
3.38368
3.39048
3.39728
3.40408
3.41089
3.41771
3.42453
3.43135
3.43819
3.44502
3.45186
3.45871
3.46556
3.47242
3.47928
3.48614
3.49302
3.49989
3.50677
3.51366
3.52055
3.52745
3.53435
3.54125
3.54816
3.55508
3.562
3.56893
3.57586
3.58279
3.58973
3.59668
3.60363
3.61058
3.61754
3.6245
3.63147
3.63845
3.64543
3.65241
3.6594
3.66639
3.67339
3.68039
3.6874
3.69441
3.70143
3.70845
3.71547
3.7225
3.72954
3.73658
3.74362
3.75067
3.75772
3.76478
3.77185
3.77891
3.78598
3.79306
3.80014
3.80723
3.81432
3.82141
3.82851
3.83561
3.84272
3.84983
3.85695
3.86407
3.8712
3.87833
3.88546
3.8926
3.89975
3.90689
3.91405
3.9212
3.92836
3.93553
3.9427
3.94987
3.95705
3.96423
3.97142
3.97861
3.9858
3.993
4.00021
4.00741
4.01463
4.02184
4.02906
4.03629
4.04352
4.05075
4.05799
4.06523
4.07247
4.07972
4.08697
4.09423
4.10149
4.10876
4.11603
4.1233
4.13058
4.13786
4.14514
4.15243
4.15973
4.16702
4.17432
4.18163
4.18894
4.19625
4.20357
4.21089
4.21821
4.22554
4.23287
4.24021
4.24755
4.25489
4.26224
4.26959
4.27694
4.2843
4.29166
4.29903
4.3064
4.31377
4.32115
4.32853
4.33591
4.3433
4.35069
4.35809
4.36549
4.37289
4.38029
4.3877
4.39512
4.40253
4.40995
4.41737
4.4248
4.43223
4.43966
4.4471
4.45454
4.46199
4.46943
4.47688
4.48434
4.49179
4.49925
4.50672
4.51419
4.52166
4.52913
4.53661
4.54409
4.55157
4.55906
4.56655
4.57404
4.58153
4.58903
4.59654
4.60404
4.61155
4.61906
4.62657
4.63409
4.64161
4.64914
4.65666
4.66419
4.67173
4.67926
4.6868
4.69434
4.70189
4.70943
4.71698
4.72454
4.73209
4.73965
4.74721
4.75478
4.76234
4.76991
4.77749
4.78506
4.79264
4.80022
4.8078
4.81539
4.82298
4.83057
4.83816
4.84576
4.85336
4.86096
4.86857
4.87617
4.88378
4.89139
4.89901
4.90663
4.91425
4.92187
4.92949
4.93712
4.94475
4.95238
4.96001
4.96765
4.97529
4.98293
4.99057
4.99821
5.00586
5.01351
5.02116
5.02882
5.03647
5.04413
5.05179
5.05945
5.06712
5.07478
5.08245
5.09012
5.0978
5.10547
5.11315
5.12083
5.12851
5.13619
5.14387
5.15156
5.15925
5.16694
5.17463
5.18232
5.19002
5.19772
5.20542
5.21312
5.22082
5.22852
5.23623
5.24394
5.25165
5.25936
5.26707
5.27478
5.2825
5.29022
5.29794
5.30566
5.31338
5.3211
5.32883
5.33655
5.34428
5.35201
5.35974
5.36747
5.3752
5.38294
5.39067
5.39841
5.40615
5.41389
5.42163
5.42937
5.43711
5.44485
5.4526
5.46035
5.46809
5.47584
5.48359
5.49134
5.49909
5.50684
5.5146
5.52235
5.53011
5.53786
5.54562
5.55338
5.56113
5.56889
5.57665
5.58441
5.59217
5.59994
5.6077
5.61546
5.62323
5.63099
5.63876
5.64652
5.65429
5.66206
5.66982
5.67759
5.68536
5.69313
5.7009
5.70867
5.71644
5.72421
5.73198
5.73975
5.74752
5.75529
5.76307
5.77084
5.77861
5.78638
5.79416
5.80193
5.8097
5.81747
5.82525
5.83302
5.84079
5.84857
5.85634
5.86411
5.87188
5.87966
5.88743
5.8952
5.90297
5.91074
5.91851
5.92629
5.93406
5.94183
5.9496
5.95737
5.96514
5.97291
5.98067
5.98844
5.99621
6.00398
6.01174
6.01951
6.02728
6.03504
6.0428
6.05057
6.05833
6.06609
6.07385
6.08161
6.08937
6.09713
6.10489
6.11265
6.1204
6.12816
6.13591
6.14367
6.15142
6.15917
6.16692
6.17467
6.18242
6.19016
6.19791
6.20565
6.2134
6.22114
6.22888
6.23662
6.24436
6.25209
6.25983
6.26756
6.2753
6.28303
6.29076
6.29848
6.30621
6.31393
6.32166
6.32938
6.3371
6.34482
6.35253
6.36025
6.36796
6.37567
6.38338
6.39109
6.39879
6.4065
6.4142
6.4219
6.42959
6.43729
6.44498
6.45267
6.46036
6.46805
6.47573
6.48342
6.4911
6.49878
6.50645
6.51412
6.5218
6.52946
6.53713
6.54479
6.55245
6.56011
6.56777
6.57542
6.58307
6.59072
6.59837
6.60601
6.61365
6.62129
6.62892
6.63656
6.64419
6.65181
6.65943
6.66705
6.67467
6.68229
6.6899
6.69751
6.70511
6.71271
6.72031
6.72791
6.7355
6.74309
6.75068
6.75826
6.76584
6.77341
6.78099
6.78856
6.79612
6.80368
6.81124
6.8188
6.82635
6.8339
6.84144
6.84898
6.85652
6.86405
6.87158
6.87911
6.88663
6.89415
6.90166
6.90917
6.91668
6.92418
6.93168
6.93917
6.94666
6.95414
6.96163
6.9691
6.97658
6.98404
6.99151
6.99897
7.00642
7.01388
7.02132
7.02876
7.0362
7.04363
7.05106
7.05849
7.06591
7.07332
7.08073
7.08814
7.09554
7.10293
7.11032
7.11771
7.12509
7.13247
7.13984
7.1472
7.15456
7.16192
7.16927
7.17662
7.18396
7.19129
7.19862
7.20595
7.21327
7.22058
7.22789
7.23519
7.24249
7.24978
7.25707
7.26435
7.27163
7.2789
7.28616
7.29342
7.30067
7.30792
7.31516
7.3224
7.32963
7.33685
7.34407
7.35128
7.35848
7.36568
7.37288
7.38006
7.38725
7.39442
7.40159
7.40875
7.41591
7.42306
7.4302
7.43734
7.44447
7.4516
7.45871
7.46583
7.47293
7.48003
7.48712
7.4942
7.50128
7.50835
7.51542
7.52248
7.52953
7.53657
7.54361
7.55064
7.55766
7.56468
7.57169
7.57869
7.58569
7.59267
7.59966
7.60663
7.61359
7.62055
7.6275
7.63445
7.64139
7.64831
7.65524
7.66215
7.66906
7.67596
7.68285
7.68973
7.69661
7.70348
7.71034
7.71719
7.72404
7.73087
7.7377
7.74452
7.75134
7.75814
7.76494
7.77173
7.77851
7.78528
7.79205
7.79881
7.80555
7.81229
7.81903
7.82575
7.83247
7.83917
7.84587
7.85256
7.85924
7.86592
7.87258
7.87924
7.88588
7.89252
7.89915
7.90577
7.91238
7.91899
7.92558
7.93217
7.93874
7.94531
7.95187
7.95842
7.96496
7.97149
7.97801
7.98453
7.99103
7.99753
8.00401
8.01049
8.01696
8.02341
8.02986
8.0363
8.04273
8.04915
8.05556
8.06196
8.06835
8.07473
8.08111
8.08747
8.09382
8.10016
8.1065
8.11282
8.11913
8.12544
8.13173
8.13802
8.14429
8.15055
8.15681
8.16305
8.16929
8.17551
8.18172
8.18793
8.19412
8.2003
8.20647
8.21264
8.21879
8.22493
8.23106
8.23718
8.24329
8.24939
8.25548
8.26156
8.26763
8.27369
8.27973
8.28577
8.2918
8.29781
8.30382
8.30981
8.31579
8.32176
8.32773
8.33368
8.33962
8.34554
8.35146
8.35737
8.36327
8.36915
8.37502
8.38089
8.38674
8.39258
8.39841
8.40423
8.41003
8.41583
8.42161
8.42738
8.43315
8.4389
8.44464
8.45036
8.45608
8.46179
8.46748
8.47316
8.47883
8.48449
8.49014
8.49577
8.5014
8.50701
8.51261
8.5182
8.52378
8.52934
8.5349
8.54044
8.54597
8.55149
8.55699
8.56249
8.56797
8.57344
8.5789
8.58435
8.58978
8.59521
8.60062
8.60602
8.61141
8.61678
8.62214
8.62749
8.63283
8.63816
8.64348
8.64878
8.65407
8.65935
8.66461
8.66987
8.67511
8.68034
8.68555
8.69076
8.69595
8.70113
8.7063
8.71146
8.7166
8.72173
8.72685
8.73195
8.73705
8.74213
8.7472
8.75225
8.7573
8.76233
8.76735
8.77235
8.77734
8.78233
8.78729
8.79225
8.79719
8.80212
8.80704
8.81195
8.81684
8.82172
8.82659
8.83144
8.83628
8.84111
8.84593
8.85073
8.85552
8.8603
8.86507
8.86982
8.87456
8.87929
8.884
8.8887
8.89339
8.89807
8.90273
8.90738
8.91202
8.91664
8.92125
8.92585
8.93044
8.93501
8.93957
8.94412
8.94866
8.95318
8.95769
8.96218
8.96667
8.97114
8.97559
8.98004
8.98447
8.98889
8.99329
8.99769
9.00207
9.00643
9.01079
9.01513
9.01946
9.02377
9.02808
9.03237
9.03664
9.04091
9.04516
9.04939
9.05362
9.05783
9.06203
9.06622
9.07039
9.07455
9.0787
9.08283
9.08696
9.09106
9.09516
9.09924
9.10331
9.10737
9.11141
9.11545
9.11946
9.12347
9.12746
9.13144
9.13541
9.13936
9.1433
9.14723
9.15115
9.15505
9.15894
9.16282
9.16668
9.17054
9.17437
9.1782
9.18201
9.18581
9.1896
9.19338
9.19714
9.20089
9.20463
9.20835
9.21206
9.21576
9.21945
9.22312
9.22678
9.23043
9.23407
9.23769
9.2413
9.2449
9.24848
9.25206
9.25562
9.25916
9.2627
9.26622
9.26973
9.27323
9.27671
9.28018
9.28364
9.28709
9.29053
9.29395
9.29736
9.30076
9.30414
9.30752
9.31088
9.31423
9.31756
9.32089
9.3242
9.3275
9.33078
9.33406
9.33732
9.34057
9.34381
9.34704
9.35025
9.35345
9.35664
9.35982
9.36298
9.36614
9.36928
9.37241
9.37553
9.37863
9.38173
9.38481
9.38788
9.39093
9.39398
9.39701
9.40004
9.40305
9.40604
9.40903
9.41201
9.41497
9.41792
9.42086
9.42379
9.42671
9.42961
9.4325
9.43539
9.43826
9.44112
9.44396
9.4468
9.44962
9.45243
9.45524
9.45802
9.4608
9.46357
9.46633
9.46907
9.47181
9.47453
9.47724
9.47994
9.48263
9.4853
9.48797
9.49062
9.49327
9.4959
9.49852
9.50113
9.50373
9.50632
9.5089
9.51147
9.51402
9.51657
9.5191
9.52163
9.52414
9.52664
9.52913
9.53161
9.53408
9.53654
9.53899
9.54143
9.54386
9.54628
9.54868
9.55108
9.55346
9.55584
9.5582
9.56056
9.5629
9.56524
9.56756
9.56987
9.57217
9.57447
9.57675
9.57902
9.58128
9.58354
9.58578
9.58801
9.59023
9.59244
9.59464
9.59684
9.59902
9.60119
9.60335
9.60551
9.60765
9.60978
9.61191
9.61402
9.61612
9.61822
9.6203
9.62238
9.62444
9.6265
9.62854
9.63058
9.63261
9.63463
9.63664
9.63864
9.64063
9.64261
9.64458
9.64654
9.64849
9.65044
9.65237
9.6543
9.65621
9.65812
9.66002
9.66191
9.66379
9.66566
9.66753
9.66938
9.67122
9.67306
9.67489
9.67671
9.67852
9.68032
9.68211
9.6839
9.68567
9.68744
9.68919
9.69094
9.69269
9.69442
9.69614
9.69786
9.69957
9.70127
9.70296
9.70464
9.70631
9.70798
9.70964
9.71129
9.71293
9.71456
9.71619
9.7178
9.71941
9.72101
9.72261
9.72419
