0
5e-05
0.000214998
0.000502725
0.000884355
0.00132128
0.00178194
0.00224683
0.00270652
0.00315787
0.00360078
0.00403636
0.00446592
0.00489064
0.00531149
0.00572922
0.00614442
0.00655754
0.00696895
0.00737895
0.00778776
0.0081956
0.00860262
0.00900896
0.00941472
0.00982
0.0102249
0.0106294
0.0110337
0.0114377
0.0118415
0.0122452
0.0126487
0.0130521
0.0134554
0.0138587
0.0142618
0.0146649
0.0150679
0.0154709
0.0158739
0.0162768
0.0166796
0.0170825
0.0174853
0.0178881
0.0182908
0.0186936
0.0190963
0.019499
0.0199017
0.0203044
0.020707
0.0211097
0.0215123
0.0219149
0.0223174
0.02272
0.0231225
0.0235251
0.0239276
0.02433
0.0247325
0.025135
0.0255374
0.0259398
0.0263422
0.0267446
0.0271469
0.0275493
0.0279516
0.0283539
0.0287561
0.0291584
0.0295606
0.0299628
0.030365
0.0307672
0.0311694
0.0315715
0.0319736
0.0323757
0.0327778
0.0331798
0.0335818
0.0339838
0.0343858
0.0347877
0.0351897
0.0355916
0.0359935
0.0363953
0.0367972
0.037199
0.0376008
0.0380025
0.0384043
0.038806
0.0392077
0.0396093
0.040011
0.0404126
0.0408142
0.0412157
0.0416173
0.0420188
0.0424202
0.0428217
0.0432231
0.0436245
0.0440259
0.0444272
0.0448286
0.0452298
0.0456311
0.0460323
0.0464335
0.0468347
0.0472359
0.047637
0.0480381
0.0484391
0.0488402
0.0492412
0.0496421
0.0500431
0.050444
0.0508448
0.0512457
0.0516465
0.0520473
0.052448
0.0528488
0.0532494
0.0536501
0.0540507
0.0544513
0.0548519
0.0552524
0.0556529
0.0560533
0.0564538
0.0568541
0.0572545
0.0576548
0.0580551
0.0584554
0.0588556
0.0592557
0.0596559
0.060056
0.0604561
0.0608561
0.0612561
0.0616561
0.062056
0.0624559
0.0628558
0.0632556
0.0636554
0.0640551
0.0644548
0.0648545
0.0652541
0.0656537
0.0660533
0.0664528
0.0668522
0.0672517
0.0676511
0.0680504
0.0684497
0.068849
0.0692482
0.0696474
0.0700466
0.0704457
0.0708448
0.0712438
0.0716428
0.0720417
0.0724406
0.0728395
0.0732383
0.0736371
0.0740358
0.0744345
0.0748332
0.0752318
0.0756303
0.0760288
0.0764273
0.0768257
0.0772241
0.0776225
0.0780208
0.078419
0.0788172
0.0792154
0.0796135
0.0800115
0.0804095
0.0808075
0.0812054
0.0816033
0.0820011
0.0823989
0.0827967
0.0831943
0.083592
0.0839896
0.0843871
0.0847846
0.085182
0.0855794
0.0859768
0.0863741
0.0867713
0.0871685
0.0875657
0.0879628
0.0883598
0.0887568
0.0891537
0.0895506
0.0899474
0.0903442
0.090741
0.0911376
0.0915343
0.0919308
0.0923274
0.0927238
0.0931202
0.0935166
0.0939129
0.0943092
0.0947054
0.0951015
0.0954976
0.0958936
0.0962896
0.0966855
0.0970814
0.0974772
0.097873
0.0982686
0.0986643
0.0990599
0.0994554
0.0998509
0.100246
0.100642
0.101037
0.101432
0.101827
0.102222
0.102618
0.103013
0.103407
0.103802
0.104197
0.104592
0.104987
0.105381
0.105776
0.10617
0.106565
0.106959
0.107354
0.107748
0.108142
0.108536
0.10893
0.109324
0.109718
0.110112
0.110506
0.1109
0.111293
0.111687
0.112081
0.112474
0.112867
0.113261
0.113654
0.114047
0.114441
0.114834
0.115227
0.11562
0.116013
0.116405
0.116798
0.117191
0.117583
0.117976
0.118369
0.118761
0.119153
0.119546
0.119938
0.12033
0.120722
0.121114
0.121506
0.121898
0.12229
0.122681
0.123073
0.123465
0.123856
0.124247
0.124639
0.12503
0.125421
0.125812
0.126204
0.126594
0.126985
0.127376
0.127767
0.128158
0.128548
0.128939
0.129329
0.12972
0.13011
0.1305
0.13089
0.13128
0.13167
0.13206
0.13245
0.13284
0.13323
0.133619
0.134009
0.134398
0.134787
0.135177
0.135566
0.135955
0.136344
0.136733
0.137122
0.137511
0.1379
0.138288
0.138677
0.139065
0.139454
0.139842
0.14023
0.140618
0.141006
0.141394
0.141782
0.14217
0.142558
0.142945
0.143333
0.14372
0.144107
0.144495
0.144882
0.145269
0.145656
0.146043
0.14643
0.146817
0.147203
0.14759
0.147976
0.148363
0.148749
0.149135
0.149521
0.149907
0.150293
0.150679
0.151065
0.15145
0.151836
0.152222
0.152607
0.152992
0.153377
0.153762
0.154147
0.154532
0.154917
0.155302
0.155687
0.156071
0.156456
0.15684
0.157224
0.157608
0.157992
0.158376
0.15876
0.159144
0.159527
0.159911
0.160294
0.160678
0.161061
0.161444
0.161827
0.16221
0.162593
0.162976
0.163358
0.163741
0.164123
0.164506
0.164888
0.16527
0.165652
0.166034
0.166416
0.166798
0.167179
0.167561
0.167942
0.168324
0.168705
0.169086
0.169467
0.169848
0.170228
0.170609
0.17099
0.17137
0.17175
0.172131
0.172511
0.172891
0.173271
0.17365
0.17403
0.17441
0.174789
0.175168
0.175548
0.175927
0.176306
0.176685
0.177063
0.177442
0.177821
0.178199
0.178577
0.178955
0.179334
0.179712
0.180089
0.180467
0.180845
0.181222
0.1816
0.181977
0.182354
0.182731
0.183108
0.183485
0.183861
0.184238
0.184614
0.184991
0.185367
0.185743
0.186119
0.186495
0.18687
0.187246
0.187621
0.187997
0.188372
0.188747
0.189122
0.189497
0.189871
0.190246
0.19062
0.190995
0.191369
0.191743
0.192117
0.192491
0.192865
0.193238
0.193611
0.193985
0.194358
0.194731
0.195104
0.195477
0.195849
0.196222
0.196594
0.196966
0.197339
0.19771
0.198082
0.198454
0.198826
0.199197
0.199568
0.19994
0.200311
0.200681
0.201052
0.201423
0.201793
0.202164
0.202534
0.202904
0.203274
0.203644
0.204013
0.204383
0.204752
0.205121
0.20549
0.205859
0.206228
0.206597
0.206965
0.207334
0.207702
0.20807
0.208438
0.208806
0.209173
0.209541
0.209908
0.210275
0.210642
0.211009
0.211376
0.211743
0.212109
0.212475
0.212842
0.213208
0.213573
0.213939
0.214305
0.21467
0.215035
0.2154
0.215765
0.21613
0.216495
0.216859
0.217224
0.217588
0.217952
0.218316
0.218679
0.219043
0.219406
0.219769
0.220132
0.220495
0.220858
0.221221
0.221583
0.221945
0.222307
0.222669
0.223031
0.223393
0.223754
0.224115
0.224477
0.224838
0.225198
0.225559
0.225919
0.22628
0.22664
0.227
0.227359
0.227719
0.228079
0.228438
0.228797
0.229156
0.229515
0.229873
0.230232
0.23059
0.230948
0.231306
0.231663
0.232021
0.232378
0.232736
0.233093
0.233449
0.233806
0.234163
0.234519
0.234875
0.235231
0.235587
0.235942
0.236298
0.236653
0.237008
0.237363
0.237718
0.238072
0.238426
0.238781
0.239134
0.239488
0.239842
0.240195
0.240548
0.240901
0.241254
0.241607
0.241959
0.242312
0.242664
0.243016
0.243367
0.243719
0.24407
0.244421
0.244772
0.245123
0.245473
0.245824
0.246174
0.246524
0.246873
0.247223
0.247572
0.247921
0.24827
0.248619
0.248968
0.249316
0.249664
0.250012
0.25036
0.250708
0.251055
0.251402
0.251749
0.252096
0.252442
0.252789
0.253135
0.253481
0.253826
0.254172
0.254517
0.254862
0.255207
0.255552
0.255896
0.25624
0.256584
0.256928
0.257272
0.257615
0.257958
0.258301
0.258644
0.258986
0.259329
0.259671
0.260013
0.260354
0.260696
0.261037
0.261378
0.261719
0.262059
0.262399
0.26274
0.263079
0.263419
0.263758
0.264098
0.264437
0.264775
0.265114
0.265452
0.26579
0.266128
0.266465
0.266803
0.26714
0.267477
0.267813
0.26815
0.268486
0.268822
0.269158
0.269493
0.269828
0.270163
0.270498
0.270833
0.271167
0.271501
0.271835
0.272168
0.272502
0.272835
0.273168
0.2735
0.273833
0.274165
0.274496
0.274828
0.275159
0.275491
0.275821
0.276152
0.276482
0.276812
0.277142
0.277472
0.277801
0.27813
0.278459
0.278788
0.279116
0.279444
0.279772
0.280099
0.280427
0.280754
0.28108
0.281407
0.281733
0.282059
0.282385
0.28271
0.283035
0.28336
0.283685
0.284009
0.284334
0.284657
0.284981
0.285304
0.285627
0.28595
0.286272
0.286595
0.286917
0.287238
0.28756
0.287881
0.288202
0.288522
0.288842
0.289162
0.289482
0.289802
0.290121
0.29044
0.290758
0.291076
0.291394
0.291712
0.29203
0.292347
0.292664
0.29298
0.293296
0.293612
0.293928
0.294244
0.294559
0.294873
0.295188
0.295502
0.295816
0.29613
0.296443
0.296756
0.297069
0.297381
0.297693
0.298005
0.298317
0.298628
0.298939
0.299249
0.29956
0.29987
0.300179
0.300489
0.300798
0.301106
0.301415
0.301723
0.302031
0.302338
0.302645
0.302952
0.303259
0.303565
0.303871
0.304177
0.304482
0.304787
0.305091
0.305396
0.3057
0.306003
0.306306
0.306609
0.306912
0.307214
0.307516
0.307818
0.308119
0.30842
0.308721
0.309021
0.309321
0.309621
0.30992
0.310219
0.310518
0.310816
0.311114
0.311411
0.311709
0.312006
0.312302
0.312598
0.312894
0.31319
0.313485
0.31378
0.314074
0.314368
0.314662
0.314955
0.315248
0.315541
0.315833
0.316125
0.316417
0.316708
0.316999
0.31729
0.31758
0.317869
0.318159
0.318448
0.318736
0.319025
0.319313
0.3196
0.319887
0.320174
0.320461
0.320747
0.321032
0.321318
0.321603
0.321887
0.322171
0.322455
0.322738
0.323022
0.323304
0.323586
0.323868
0.32415
0.324431
0.324711
0.324992
0.325272
0.325551
0.32583
0.326109
0.326387
0.326665
0.326942
0.32722
0.327496
0.327772
0.328048
0.328324
0.328599
0.328873
0.329148
0.329422
0.329695
0.329968
0.330241
0.330513
0.330784
0.331056
0.331327
0.331597
0.331867
0.332137
0.332406
0.332675
0.332943
0.333211
0.333479
0.333746
0.334012
0.334278
0.334544
0.33481
0.335074
0.335339
0.335603
0.335866
0.33613
0.336392
0.336654
0.336916
0.337178
0.337438
0.337699
0.337959
0.338218
0.338477
0.338736
0.338994
0.339252
0.339509
0.339766
0.340022
0.340278
0.340533
0.340788
0.341043
0.341297
0.34155
0.341803
0.342056
0.342308
0.34256
0.342811
0.343061
0.343312
0.343561
0.34381
0.344059
0.344307
0.344555
0.344802
0.345049
0.345295
0.345541
0.345787
0.346031
0.346276
0.346519
0.346763
0.347006
0.347248
0.34749
0.347731
0.347972
0.348212
0.348452
0.348691
0.34893
0.349168
0.349405
0.349643
0.349879
0.350115
0.350351
0.350586
0.350821
0.351055
0.351288
0.351521
0.351753
0.351985
0.352217
0.352448
0.352678
0.352908
0.353137
0.353365
0.353593
0.353821
0.354048
0.354275
0.3545
0.354726
0.354951
0.355175
0.355398
0.355622
0.355844
0.356066
0.356288
0.356508
0.356729
0.356948
0.357168
0.357386
0.357604
0.357822
0.358038
0.358255
0.35847
0.358686
0.3589
0.359114
0.359327
0.35954
0.359752
0.359964
0.360175
0.360385
0.360595
0.360804
0.361013
0.361221
0.361428
0.361635
0.361841
0.362046
0.362251
0.362456
0.362659
0.362862
0.363065
0.363267
0.363468
0.363668
0.363868
0.364068
0.364266
0.364464
0.364662
0.364858
0.365054
0.36525
0.365445
0.365639
0.365833
0.366025
0.366218
0.366409
0.3666
0.36679
0.36698
0.367169
0.367357
0.367545
0.367732
0.367918
0.368104
0.368289
0.368473
0.368657
0.368839
0.369022
0.369203
0.369384
0.369564
0.369744
0.369923
0.370101
0.370278
0.370455
0.370631
0.370806
0.370981
0.371155
0.371328
0.3715
0.371672
0.371843
0.372014
0.372183
0.372352
0.37252
0.372688
0.372854
0.37302
0.373186
0.37335
0.373514
0.373677
0.373839
0.374001
0.374162
0.374322
0.374481
0.37464
0.374798
0.374955
0.375111
0.375267
0.375422
0.375576
0.375729
0.375881
0.376033
0.376184
0.376334
0.376484
0.376632
0.37678
0.376927
0.377073
0.377219
0.377364
0.377508
0.377651
0.377793
0.377934
0.378075
0.378215
0.378354
0.378492
0.37863
0.378767
0.378902
0.379037
0.379172
0.379305
0.379438
0.379569
0.3797
0.37983
0.379959
0.380088
0.380215
0.380342
0.380468
0.380593
0.380717
0.38084
0.380963
0.381084
0.381205
0.381325
0.381444
0.381562
0.381679
0.381795
0.381911
0.382025
0.382139
0.382252
0.382364
0.382475
0.382585
0.382694
0.382803
0.38291
0.383017
0.383122
0.383227
0.383331
0.383434
0.383536
0.383637
0.383737
0.383837
0.383935
0.384032
0.384129
0.384224
0.384319
0.384412
0.384505
0.384597
0.384688
0.384778
0.384867
0.384955
0.385042
0.385128
0.385213
0.385297
0.38538
0.385462
0.385543
0.385623
0.385703
0.385781
0.385858
0.385935
0.38601
0.386084
0.386157
0.38623
0.386301
0.386371
0.38644
0.386509
0.386576
0.386642
0.386707
0.386772
0.386835
0.386897
0.386958
0.387018
0.387077
0.387135
0.387192
0.387248
0.387303
0.387356
0.387409
0.387461
0.387511
0.387561
0.38761
0.387657
0.387703
0.387749
0.387793
0.387836
0.387878
0.387919
0.387959
0.387997
0.388035
0.388072
0.388107
0.388141
0.388175
0.388207
0.388238
0.388268
0.388296
0.388324
0.388351
0.388376
0.3884
0.388423
0.388445
0.388466
0.388486
0.388504
0.388522
0.388538
0.388553
0.388567
0.38858
0.388591
0.388602
0.388611
0.388619
0.388626
0.388632
0.388636
0.388639
0.388641
0.388642
0.388642
0.388641
0.388638
0.388634
0.388629
0.388623
0.388615
0.388606
0.388596
0.388585
0.388573
0.388559
0.388544
0.388528
0.388511
0.388492
0.388472
0.388451
0.388429
0.388405
0.38838
0.388354
0.388327
0.388298
0.388268
0.388237
0.388204
0.38817
0.388135
0.388099
0.388061
0.388022
0.387982
0.38794
0.387897
0.387853
0.387808
0.387761
0.387713
0.387663
0.387612
0.38756
0.387507
0.387452
0.387396
0.387338
0.387279
0.387219
0.387158
0.387095
0.387031
0.386965
0.386898
0.38683
0.38676
0.386689
0.386616
0.386542
0.386467
0.386391
0.386313
0.386233
0.386152
0.38607
0.385987
0.385902
0.385815
0.385727
0.385638
0.385547
0.385455
0.385362
0.385267
0.385171
0.385073
0.384973
0.384873
0.384771
0.384667
0.384562
0.384456
0.384348
0.384238
0.384127
0.384015
0.383901
0.383786
0.383669
0.383551
0.383431
0.38331
0.383188
0.383063
0.382938
0.382811
0.382682
0.382552
0.38242
0.382287
0.382152
0.382016
0.381878
0.381739
0.381598
0.381456
0.381312
0.381167
0.38102
0.380872
0.380722
0.38057
0.380417
0.380262
0.380106
0.379948
0.379789
0.379628
0.379466
0.379302
0.379137
0.378969
0.378801
0.37863
0.378459
0.378285
0.37811
0.377934
0.377755
0.377576
0.377394
0.377211
0.377027
0.376841
0.376653
0.376463
0.376272
0.37608
0.375885
0.37569
0.375492
0.375293
0.375092
0.37489
0.374686
0.37448
0.374273
0.374064
0.373853
0.373641
0.373427
0.373212
0.372995
0.372776
0.372555
0.372333
0.372109
0.371884
0.371657
0.371428
0.371198
0.370966
0.370732
0.370496
0.370259
0.37002
0.36978
0.369538
0.369294
0.369048
0.368801
0.368552
0.368301
0.368049
0.367795
0.367539
0.367282
0.367022
0.366762
0.366499
0.366235
0.365969
0.365701
0.365432
0.365161
0.364888
0.364613
0.364337
0.364059
0.363779
0.363498
0.363215
0.36293
0.362643
0.362355
0.362065
0.361773
0.361479
0.361184
0.360887
0.360588
0.360288
0.359986
0.359682
0.359376
0.359069
0.35876
0.358449
0.358136
0.357822
0.357506
0.357188
0.356868
0.356547
0.356224
0.355899
0.355572
0.355244
0.354914
0.354582
0.354248
0.353913
0.353576
0.353237
0.352896
0.352554
0.35221
0.351864
0.351517
0.351167
0.350816
0.350463
0.350109
0.349752
0.349394
0.349034
0.348673
0.348309
0.347944
0.347577
0.347209
0.346838
0.346466
0.346093
0.345717
0.34534
0.344961
0.34458
0.344197
0.343813
0.343427
0.343039
0.34265
0.342258
0.341865
0.341471
0.341074
0.340676
0.340276
0.339874
0.339471
0.339066
0.338659
0.338251
0.33784
0.337428
0.337015
0.336599
0.336182
0.335763
0.335342
0.33492
0.334496
0.334071
0.333643
0.333214
0.332783
0.332351
0.331917
0.331481
0.331043
0.330604
0.330163
0.32972
0.329276
0.32883
0.328382
0.327933
0.327482
0.32703
0.326575
0.326119
0.325662
0.325202
0.324742
0.324279
0.323815
0.323349
0.322881
0.322412
0.321942
0.321469
0.320995
0.32052
0.320043
0.319564
0.319083
0.318601
0.318118
0.317633
0.317146
0.316658
0.316168
0.315676
0.315183
0.314688
0.314192
0.313694
0.313195
0.312694
0.312192
0.311688
0.311182
0.310676
0.310167
0.309657
0.309146
0.308632
0.308118
0.307602
0.307084
0.306565
0.306045
0.305523
0.305
0.304475
0.303949
0.303421
0.302892
0.302361
0.301829
0.301295
0.30076
0.300224
0.299686
0.299147
0.298607
0.298065
0.297522
0.296977
0.296431
0.295884
0.295335
0.294785
0.294233
0.293681
0.293127
0.292571
0.292015
0.291457
0.290897
0.290337
0.289775
0.289212
0.288648
0.288082
0.287515
0.286947
0.286378
0.285807
0.285235
0.284662
0.284088
0.283513
0.282936
0.282358
0.28178
0.2812
0.280618
0.280036
0.279452
0.278868
0.278282
0.277695
0.277107
0.276518
0.275928
0.275337
0.274745
0.274151
0.273557
0.272962
0.272365
0.271768
0.27117
0.27057
0.26997
0.269368
0.268766
0.268163
0.267558
0.266953
0.266347
0.26574
0.265132
0.264523
0.263913
0.263303
0.262691
0.262079
0.261466
0.260852
0.260237
0.259621
0.259004
0.258387
0.257769
0.25715
0.25653
0.25591
0.255289
0.254667
0.254044
0.253421
0.252797
0.252172
0.251546
0.25092
0.250293
0.249666
0.249038
0.248409
0.24778
0.24715
0.246519
0.245888
0.245256
0.244624
0.243991
0.243358
0.242724
0.24209
0.241455
0.240819
0.240183
0.239547
0.23891
0.238273
0.237635
0.236997
0.236358
0.235719
0.23508
0.23444
0.2338
0.23316
0.232519
0.231877
0.231236
0.230594
0.229952
0.22931
0.228667
0.228024
0.227381
0.226737
0.226093
0.225449
0.224805
0.224161
0.223516
0.222872
0.222227
0.221582
0.220937
0.220291
0.219646
0.219001
0.218355
0.217709
0.217064
0.216418
0.215772
0.215126
0.21448
0.213834
0.213188
0.212542
0.211896
0.211251
0.210605
0.209959
0.209313
0.208668
0.208022
0.207377
0.206732
0.206087
0.205442
0.204797
0.204152
0.203508
0.202863
0.202219
0.201575
0.200932
0.200288
0.199645
0.199002
0.198359
0.197717
0.197075
0.196433
0.195791
0.19515
0.194509
0.193869
0.193229
0.192589
0.191949
0.19131
0.190672
0.190034
0.189396
0.188759
0.188122
0.187485
0.186849
0.186214
0.185579
0.184944
0.18431
0.183677
0.183044
0.182411
0.181779
0.181148
0.180517
0.179887
0.179258
0.178629
0.178
0.177373
0.176746
0.176119
0.175493
0.174868
0.174244
0.17362
0.172997
0.172375
0.171753
0.171132
0.170512
0.169893
0.169274
0.168656
0.168039
0.167423
0.166807
0.166192
0.165578
0.164965
0.164353
0.163741
0.163131
0.162521
0.161912
0.161304
0.160697
0.160091
0.159485
0.158881
0.158277
0.157675
0.157073
0.156472
0.155873
0.155274
0.154676
0.154079
0.153483
0.152888
0.152294
0.151701
0.15111
0.150519
0.149929
0.14934
0.148752
0.148166
0.14758
0.146996
0.146412
0.14583
0.145249
0.144668
0.144089
0.143511
0.142935
0.142359
0.141784
0.141211
0.140638
0.140067
0.139497
0.138929
0.138361
0.137794
0.137229
0.136665
0.136102
0.135541
0.13498
0.134421
0.133863
0.133306
0.13275
0.132196
0.131643
0.131091
0.130541
0.129991
0.129443
0.128897
0.128351
0.127807
0.127264
0.126722
0.126182
0.125643
0.125105
0.124569
0.124034
0.1235
0.122968
0.122437
0.121907
0.121378
0.120851
0.120326
0.119801
0.119278
0.118757
0.118236
0.117717
0.1172
0.116684
0.116169
0.115655
0.115143
0.114633
0.114124
0.113616
0.113109
0.112604
0.112101
0.111598
0.111098
0.110598
0.1101
0.109604
0.109108
0.108615
0.108123
0.107632
0.107142
0.106654
0.106168
0.105683
0.105199
0.104717
0.104236
0.103757
0.103279
0.102803
0.102328
0.101854
0.101382
0.100912
0.100442
0.0999748
0.0995087
0.099044
0.0985807
0.098119
0.0976587
0.0971998
0.0967425
0.0962866
0.0958322
0.0953793
0.0949279
0.0944779
0.0940294
0.0935824
0.0931369
0.0926929
0.0922503
0.0918092
0.0913696
0.0909315
0.0904949
0.0900597
0.0896261
0.0891939
0.0887632
0.088334
0.0879062
0.08748
0.0870553
0.086632
0.0862102
0.0857899
0.0853711
0.0849537
0.0845379
0.0841235
0.0837106
0.0832992
0.0828893
0.0824808
0.0820739
0.0816684
0.0812644
0.0808618
0.0804608
0.0800612
0.0796631
0.0792665
0.0788713
