0
0.0005
0.001
0.0015
0.002
0.0025
0.003
0.0035
0.004
0.0045
0.005
0.0055
0.006
0.0065
0.007
0.0075
0.008
0.0085
0.009
0.0095
0.01
0.0105
0.011
0.0115
0.012
0.0125
0.013
0.0135
0.014
0.0145
0.015
0.0155
0.016
0.0165
0.017
0.0175
0.018
0.0185
0.019
0.0195
0.02
0.0205
0.021
0.0215
0.022
0.0225
0.023
0.0235
0.024
0.0245
0.025
0.0255
0.026
0.0265
0.027
0.0275
0.028
0.0285
0.029
0.0295
0.03
0.0305
0.031
0.0315
0.032
0.0325
0.033
0.0335
0.034
0.0345
0.035
0.0355
0.036
0.0365
0.037
0.0375
0.038
0.0385
0.039
0.0395
0.04
0.0405
0.041
0.0415
0.042
0.0425
0.043
0.0435
0.044
0.0445
0.045
0.0455
0.046
0.0465
0.047
0.0475
0.048
0.0485
0.049
0.0495
0.05
0.0505
0.051
0.0515
0.052
0.0525
0.053
0.0535
0.054
0.0545
0.055
0.0555
0.056
0.0565
0.057
0.0575
0.058
0.0585
0.059
0.0595
0.06
0.0605
0.061
0.0615
0.062
0.0625
0.063
0.0635
0.064
0.0645
0.065
0.0655
0.066
0.0665
0.067
0.0675
0.068
0.0685
0.0690001
0.0695001
0.0700001
0.0705001
0.0710001
0.0715001
0.0720001
0.0725001
0.0730001
0.0735001
0.0740001
0.0745001
0.0750001
0.0755001
0.0760001
0.0765001
0.0770001
0.0775001
0.0780001
0.0785001
0.0790001
0.0795001
0.0800001
0.0805001
0.0810001
0.0815001
0.0820001
0.0825001
0.0830001
0.0835001
0.0840001
0.0845001
0.0850001
0.0855001
0.0860001
0.0865001
0.0870001
0.0875001
0.0880001
0.0885001
0.0890001
0.0895001
0.0900001
0.0905001
0.0910001
0.0915001
0.0920001
0.0925001
0.0930001
0.0935001
0.0940001
0.0945001
0.0950001
0.0955001
0.0960001
0.0965001
0.0970001
0.0975001
0.0980001
0.0985001
0.0990001
0.0995001
0.1
0.1005
0.101
0.1015
0.102
0.1025
0.103
0.1035
0.104
0.1045
0.105
0.1055
0.106
0.1065
0.107
0.1075
0.108
0.1085
0.109
0.1095
0.11
0.1105
0.111
0.1115
0.112
0.1125
0.113
0.1135
0.114
0.1145
0.115
0.1155
0.116
0.1165
0.117
0.1175
0.118
0.1185
0.119
0.1195
0.12
0.1205
0.121
0.1215
0.122
0.1225
0.123
0.1235
0.124
0.1245
0.125
0.1255
0.126
0.1265
0.127
0.1275
0.128
0.1285
0.129
0.1295
0.13
0.1305
0.131
0.1315
0.132
0.1325
0.133
0.1335
0.134
0.1345
0.135
0.1355
0.136
0.1365
0.137
0.1375
0.138
0.1385
0.139
0.1395
0.14
0.1405
0.141
0.1415
0.142
0.1425
0.143
0.1435
0.144
0.1445
0.145
0.1455
0.146
0.1465
0.147
0.1475
0.148
0.1485
0.149
0.1495
0.15
0.1505
0.151
0.1515
0.152
0.1525
0.153
0.1535
0.154
0.1545
0.155
0.1555
0.156
0.1565
0.157
0.1575
0.158
0.1585
0.159
0.1595
0.16
0.1605
0.161
0.1615
0.162
0.1625
0.163
0.1635
0.164
0.1645
0.165
0.1655
0.166
0.1665
0.167
0.1675
0.168
0.1685
0.169
0.1695
0.17
0.1705
0.171
0.1715
0.172
0.1725
0.173
0.1735
0.174
0.1745
0.175
0.1755
0.176
0.1765
0.176999
0.177499
0.177999
0.178499
0.178999
0.179499
0.179999
0.180499
0.180999
0.181499
0.181999
0.182499
0.182999
0.183499
0.183999
0.184499
0.184999
0.185499
0.185999
0.186499
0.186999
0.187499
0.187999
0.188499
0.188999
0.189499
0.189999
0.190499
0.190999
0.191499
0.191999
0.192499
0.192999
0.193499
0.193999
0.194499
0.194999
0.195499
0.195999
0.196499
0.196999
0.197499
0.197999
0.198499
0.198999
0.199499
0.199999
0.200499
0.200999
0.201499
0.201999
0.202499
0.202999
0.203499
0.203999
0.204499
0.204999
0.205499
0.205999
0.206499
0.206999
0.207499
0.207999
0.208499
0.208999
0.209499
0.209999
0.210499
0.210999
0.211499
0.211999
0.212499
0.212999
0.213499
0.213999
0.214499
0.214999
0.215499
0.215999
0.216499
0.216999
0.217499
0.217999
0.218499
0.218999
0.219499
0.219999
0.220499
0.220999
0.221499
0.221999
0.222499
0.222999
0.223499
0.223999
0.224499
0.224999
0.225499
0.225999
0.226499
0.226999
0.227499
0.227999
0.228499
0.228999
0.229499
0.229999
0.230499
0.230999
0.231499
0.231999
0.232499
0.232999
0.233499
0.233999
0.234499
0.234999
0.235499
0.235999
0.236499
0.236999
0.237499
0.237999
0.238499
0.238999
0.239499
0.239999
0.240499
0.240999
0.241499
0.241999
0.242499
0.242999
0.243499
0.243999
0.244499
0.244999
0.245499
0.245999
0.246499
0.246999
0.247499
0.247999
0.248499
0.248999
0.249499
0.249999
0.250499
0.250999
0.251499
0.251999
0.252499
0.252999
0.253499
0.253999
0.254499
0.254999
0.255498
0.255998
0.256498
0.256998
0.257498
0.257998
0.258498
0.258998
0.259498
0.259998
0.260498
0.260998
0.261498
0.261998
0.262498
0.262998
0.263498
0.263998
0.264498
0.264998
0.265498
0.265998
0.266498
0.266998
0.267498
0.267998
0.268498
0.268998
0.269498
0.269998
0.270498
0.270998
0.271498
0.271998
0.272498
0.272998
0.273498
0.273998
0.274498
0.274998
0.275498
0.275998
0.276498
0.276998
0.277498
0.277998
0.278498
0.278998
0.279498
0.279998
0.280498
0.280998
0.281498
0.281998
0.282498
0.282998
0.283498
0.283998
0.284498
0.284998
0.285498
0.285998
0.286498
0.286998
0.287498
0.287998
0.288498
0.288998
0.289498
0.289998
0.290498
0.290998
0.291498
0.291998
0.292498
0.292998
0.293498
0.293998
0.294498
0.294998
0.295498
0.295998
0.296498
0.296998
0.297498
0.297998
0.298498
0.298998
0.299498
0.299998
0.300498
0.300998
0.301498
0.301998
0.302498
0.302998
0.303498
0.303998
0.304498
0.304998
0.305498
0.305998
0.306498
0.306998
0.307498
0.307998
0.308498
0.308998
0.309498
0.309998
0.310498
0.310998
0.311498
0.311998
0.312498
0.312998
0.313498
0.313998
0.314498
0.314998
0.315498
0.315998
0.316498
0.316998
0.317498
0.317998
0.318498
0.318998
0.319498
0.319998
0.320498
0.320998
0.321498
0.321998
0.322498
0.322998
0.323498
0.323998
0.324498
0.324998
0.325498
0.325998
0.326498
0.326998
0.327498
0.327998
0.328498
0.328998
0.329498
0.329998
0.330498
0.330998
0.331498
0.331998
0.332498
0.332998
0.333497
0.333997
0.334497
0.334997
0.335497
0.335997
0.336497
0.336997
0.337497
0.337997
0.338497
0.338997
0.339497
0.339997
0.340497
0.340997
0.341497
0.341997
0.342497
0.342997
0.343497
0.343997
0.344497
0.344997
0.345497
0.345997
0.346497
0.346997
0.347497
0.347997
0.348497
0.348997
0.349497
0.349997
0.350497
0.350997
0.351497
0.351997
0.352497
0.352997
0.353497
0.353997
0.354497
0.354997
0.355497
0.355997
0.356497
0.356997
0.357497
0.357997
0.358497
0.358997
0.359497
0.359997
0.360497
0.360997
0.361497
0.361997
0.362497
0.362997
0.363497
0.363997
0.364497
0.364997
0.365497
0.365997
0.366497
0.366997
0.367497
0.367997
0.368497
0.368997
0.369497
0.369997
0.370497
0.370997
0.371497
0.371997
0.372497
0.372997
0.373497
0.373997
0.374497
0.374997
0.375497
0.375997
0.376497
0.376997
0.377497
0.377997
0.378497
0.378997
0.379497
0.379997
0.380497
0.380997
0.381497
0.381997
0.382497
0.382997
0.383497
0.383997
0.384497
0.384997
0.385497
0.385997
0.386497
0.386997
0.387497
0.387997
0.388497
0.388997
0.389497
0.389997
0.390497
0.390997
0.391497
0.391997
0.392497
0.392997
0.393497
0.393997
0.394497
0.394997
0.395497
0.395997
0.396497
0.396997
0.397497
0.397997
0.398497
0.398997
0.399497
0.399997
0.400497
0.400997
0.401497
0.401997
0.402497
0.402997
0.403497
0.403997
0.404497
0.404997
0.405497
0.405997
0.406497
0.406997
0.407497
0.407997
0.408497
0.408997
0.409497
0.409997
0.410497
0.410996
0.411496
0.411996
0.412496
0.412996
0.413496
0.413996
0.414496
0.414996
0.415496
0.415996
0.416496
0.416996
0.417496
0.417996
0.418496
0.418996
0.419496
0.419996
0.420496
0.420996
0.421496
0.421996
0.422496
0.422996
0.423496
0.423996
0.424496
0.424996
0.425496
0.425996
0.426496
0.426996
0.427496
0.427996
0.428496
0.428996
0.429496
0.429996
0.430496
0.430996
0.431496
0.431996
0.432496
0.432996
0.433496
0.433996
0.434496
0.434996
0.435496
0.435996
0.436496
0.436996
0.437496
0.437996
0.438496
0.438996
0.439496
0.439996
0.440496
0.440996
0.441496
0.441996
0.442496
0.442996
0.443496
0.443996
0.444496
0.444996
0.445496
0.445996
0.446496
0.446996
0.447496
0.447996
0.448496
0.448996
0.449496
0.449996
0.450496
0.450996
0.451496
0.451996
0.452496
0.452996
0.453496
0.453996
0.454496
0.454996
0.455496
0.455996
0.456496
0.456996
0.457496
0.457996
0.458496
0.458996
0.459496
0.459996
0.460496
0.460996
0.461496
0.461996
0.462496
0.462996
0.463496
0.463996
0.464496
0.464996
0.465496
0.465996
0.466496
0.466996
0.467496
0.467996
0.468496
0.468996
0.469496
0.469996
0.470496
0.470996
0.471496
0.471996
0.472496
0.472996
0.473496
0.473996
0.474496
0.474996
0.475496
0.475996
0.476496
0.476996
0.477496
0.477996
0.478496
0.478996
0.479496
0.479996
0.480496
0.480996
0.481496
0.481996
0.482496
0.482996
0.483496
0.483996
0.484496
0.484996
0.485496
0.485996
0.486496
0.486996
0.487496
0.487996
0.488495
0.488995
0.489495
0.489995
0.490495
0.490995
0.491495
0.491995
0.492495
0.492995
0.493495
0.493995
0.494495
0.494995
0.495495
0.495995
0.496495
0.496995
0.497495
0.497995
0.498495
0.498995
0.499495
0.499995
0.500495
0.500995
0.501495
0.501995
0.502495
0.502995
0.503496
0.503996
0.504496
0.504996
0.505496
0.505996
0.506496
0.506996
0.507496
0.507996
0.508496
0.508996
0.509496
0.509996
0.510496
0.510996
0.511496
0.511996
0.512496
0.512996
0.513496
0.513996
0.514496
0.514996
0.515496
0.515996
0.516496
0.516996
0.517496
0.517996
0.518496
0.518996
0.519496
0.519996
0.520496
0.520996
0.521496
0.521996
0.522496
0.522996
0.523496
0.523996
0.524496
0.524997
0.525497
0.525997
0.526497
0.526997
0.527497
0.527997
0.528497
0.528997
0.529497
0.529997
0.530497
0.530997
0.531497
0.531997
0.532497
0.532997
0.533497
0.533997
0.534497
0.534997
0.535497
0.535997
0.536497
0.536997
0.537497
0.537997
0.538497
0.538997
0.539497
0.539997
0.540497
0.540997
0.541497
0.541997
0.542497
0.542997
0.543497
0.543997
0.544497
0.544997
0.545497
0.545998
0.546498
0.546998
0.547498
0.547998
0.548498
0.548998
0.549498
0.549998
0.550498
0.550998
0.551498
0.551998
0.552498
0.552998
0.553498
0.553998
0.554498
0.554998
0.555498
0.555998
0.556498
0.556998
0.557498
0.557998
0.558498
0.558998
0.559498
0.559998
0.560498
0.560998
0.561498
0.561998
0.562498
0.562998
0.563498
0.563998
0.564498
0.564998
0.565498
0.565998
0.566498
0.566998
0.567499
0.567999
0.568499
0.568999
0.569499
0.569999
0.570499
0.570999
0.571499
0.571999
0.572499
0.572999
0.573499
0.573999
0.574499
0.574999
0.575499
0.575999
0.576499
0.576999
0.577499
0.577999
0.578499
0.578999
0.579499
0.579999
0.580499
0.580999
0.581499
0.581999
0.582499
0.582999
0.583499
0.583999
0.584499
0.584999
0.585499
0.585999
0.586499
0.586999
0.587499
0.587999
0.588499
0.589
0.5895
0.59
0.5905
0.591
0.5915
0.592
0.5925
0.593
0.5935
0.594
0.5945
0.595
0.5955
0.596
0.5965
0.597
0.5975
0.598
0.5985
0.599
0.5995
0.6
0.6005
0.601
0.6015
0.602
0.6025
0.603
0.6035
0.604
0.6045
0.605
0.6055
0.606
0.6065
0.607
0.6075
0.608
0.6085
0.609
0.6095
0.61
0.610501
0.611001
0.611501
0.612001
0.612501
0.613001
0.613501
0.614001
0.614501
0.615001
0.615501
0.616001
0.616501
0.617001
0.617501
0.618001
0.618501
0.619001
0.619501
0.620001
0.620501
0.621001
0.621501
0.622001
0.622501
0.623001
0.623501
0.624001
0.624501
0.625001
0.625501
0.626001
0.626501
0.627001
0.627501
0.628001
0.628501
0.629001
0.629501
0.630001
0.630501
0.631001
0.631501
0.632002
0.632502
0.633002
0.633502
0.634002
0.634502
0.635002
0.635502
0.636002
0.636502
0.637002
0.637502
0.638002
0.638502
0.639002
0.639502
0.640002
0.640502
0.641002
0.641502
0.642002
0.642502
0.643002
0.643502
0.644002
0.644502
0.645002
0.645502
0.646002
0.646502
0.647002
0.647502
0.648002
0.648502
0.649002
0.649502
0.650002
0.650502
0.651002
0.651502
0.652002
0.652502
0.653003
0.653503
0.654003
0.654503
0.655003
0.655503
0.656003
0.656503
0.657003
0.657503
0.658003
0.658503
0.659003
0.659503
0.660003
0.660503
0.661003
0.661503
0.662003
0.662503
0.663003
0.663503
0.664003
0.664503
0.665003
0.665503
0.666003
0.666503
0.667003
0.667503
0.668003
0.668503
0.669003
0.669503
0.670003
0.670503
0.671003
0.671503
0.672003
0.672503
0.673003
0.673503
0.674003
0.674504
0.675004
0.675504
0.676004
0.676504
0.677004
0.677504
0.678004
0.678504
0.679004
0.679504
0.680004
0.680504
0.681004
0.681504
0.682004
0.682504
0.683004
0.683504
0.684004
0.684504
0.685004
0.685504
0.686004
0.686504
0.687004
0.687504
0.688004
0.688504
0.689004
0.689504
0.690004
0.690504
0.691004
0.691504
0.692004
0.692504
0.693004
0.693504
0.694004
0.694504
0.695004
0.695504
0.696005
0.696505
0.697005
0.697505
0.698005
0.698505
0.699005
0.699505
0.700005
0.700505
0.701005
0.701505
0.702005
0.702505
0.703005
0.703505
0.704005
0.704505
0.705005
0.705505
0.706005
0.706505
0.707005
0.707505
0.708005
0.708505
0.709005
0.709505
0.710005
0.710505
0.711005
0.711505
0.712005
0.712505
0.713005
0.713505
0.714005
0.714505
0.715005
0.715505
0.716005
0.716505
0.717005
0.717506
0.718006
0.718506
0.719006
0.719506
0.720006
0.720506
0.721006
0.721506
0.722006
0.722506
0.723006
0.723506
0.724006
0.724506
0.725006
0.725506
0.726006
0.726506
0.727006
0.727506
0.728006
0.728506
0.729006
0.729506
0.730006
0.730506
0.731006
0.731506
0.732006
0.732506
0.733006
0.733506
0.734006
0.734506
0.735006
0.735506
0.736006
0.736506
0.737006
0.737506
0.738006
0.738506
0.739007
0.739507
0.740007
0.740507
0.741007
0.741507
0.742007
0.742507
0.743007
0.743507
0.744007
0.744507
0.745007
0.745507
0.746007
0.746507
0.747007
0.747507
0.748007
0.748507
0.749007
0.749507
0.750007
0.750507
0.751007
0.751507
0.752007
0.752507
0.753007
0.753507
0.754007
0.754507
0.755007
0.755507
0.756007
0.756507
0.757007
0.757507
0.758007
0.758507
0.759007
0.759507
0.760008
0.760508
0.761008
0.761508
0.762008
0.762508
0.763008
0.763508
0.764008
0.764508
0.765008
0.765508
0.766008
0.766508
0.767008
0.767508
0.768008
0.768508
0.769008
0.769508
0.770008
0.770508
0.771008
0.771508
0.772008
0.772508
0.773008
0.773508
0.774008
0.774508
0.775008
0.775508
0.776008
0.776508
0.777008
0.777508
0.778008
0.778508
0.779008
0.779508
0.780008
0.780508
0.781008
0.781509
0.782009
0.782509
0.783009
0.783509
0.784009
0.784509
0.785009
0.785509
0.786009
0.786509
0.787009
0.787509
0.788009
0.788509
0.789009
0.789509
0.790009
0.790509
0.791009
0.791509
0.792009
0.792509
0.793009
0.793509
0.794009
0.794509
0.795009
0.795509
0.796009
0.796509
0.797009
0.797509
0.798009
0.798509
0.799009
0.799509
0.800009
0.800509
0.801009
0.801509
0.802009
0.802509
0.80301
0.80351
0.80401
0.80451
0.80501
0.80551
0.80601
0.80651
0.80701
0.80751
0.80801
0.80851
0.80901
0.80951
0.81001
0.81051
0.81101
0.81151
0.81201
0.81251
0.81301
0.81351
0.81401
0.81451
0.81501
0.81551
0.81601
0.81651
0.81701
0.81751
0.81801
0.81851
0.81901
0.81951
0.82001
0.82051
0.82101
0.82151
0.82201
0.82251
0.82301
0.82351
0.82401
0.824511
0.825011
0.825511
0.826011
0.826511
0.827011
0.827511
0.828011
0.828511
0.829011
0.829511
0.830011
0.830511
0.831011
0.831511
0.832011
0.832511
0.833011
0.833511
0.834011
0.834511
0.835011
0.835511
0.836011
0.836511
0.837011
0.837511
0.838011
0.838511
0.839011
0.839511
0.840011
0.840511
0.841011
0.841511
0.842011
0.842511
0.843011
0.843511
0.844011
0.844511
0.845011
0.845511
0.846012
0.846512
0.847012
0.847512
0.848012
0.848512
0.849012
0.849512
0.850012
0.850512
0.851012
0.851512
0.852012
0.852512
0.853012
0.853512
0.854012
0.854512
0.855012
0.855512
0.856012
0.856512
0.857012
0.857512
0.858012
0.858512
0.859012
0.859512
0.860012
0.860512
0.861012
0.861512
0.862012
0.862512
0.863012
0.863512
0.864012
0.864512
0.865012
0.865512
0.866012
0.866512
0.867013
0.867513
0.868013
0.868513
0.869013
0.869513
0.870013
0.870513
0.871013
0.871513
0.872013
0.872513
0.873013
0.873513
0.874013
0.874513
0.875013
0.875513
0.876013
0.876513
0.877013
0.877513
0.878013
0.878513
0.879013
0.879513
0.880013
0.880513
0.881013
0.881513
0.882013
0.882513
0.883013
0.883513
0.884013
0.884513
0.885013
0.885513
0.886013
0.886513
0.887013
0.887513
0.888013
0.888514
0.889014
0.889514
0.890014
0.890514
0.891014
0.891514
0.892014
0.892514
0.893014
0.893514
0.894014
0.894514
0.895014
0.895514
0.896014
0.896514
0.897014
0.897514
0.898014
0.898514
0.899014
0.899514
0.900014
0.900514
0.901014
0.901514
0.902014
0.902514
0.903014
0.903514
0.904014
0.904514
0.905014
0.905514
0.906014
0.906514
0.907014
0.907514
0.908014
0.908514
0.909014
0.909514
0.910015
0.910515
0.911015
0.911515
0.912015
0.912515
0.913015
0.913515
0.914015
0.914515
0.915015
0.915515
0.916015
0.916515
0.917015
0.917515
0.918015
0.918515
0.919015
0.919515
0.920015
0.920515
0.921015
0.921515
0.922015
0.922515
0.923015
0.923515
0.924015
0.924515
0.925015
0.925515
0.926015
0.926515
0.927015
0.927515
0.928015
0.928515
0.929015
0.929515
0.930015
0.930515
0.931015
0.931516
0.932016
0.932516
0.933016
0.933516
0.934016
0.934516
0.935016
0.935516
0.936016
0.936516
0.937016
0.937516
0.938016
0.938516
0.939016
0.939516
0.940016
0.940516
0.941016
0.941516
0.942016
0.942516
0.943016
0.943516
0.944016
0.944516
0.945016
0.945516
0.946016
0.946516
0.947016
0.947516
0.948016
0.948516
0.949016
0.949516
0.950016
0.950516
0.951016
0.951516
0.952016
0.952516
0.953017
0.953517
0.954017
0.954517
0.955017
0.955517
0.956017
0.956517
0.957017
0.957517
0.958017
0.958517
0.959017
0.959517
0.960017
0.960517
0.961017
0.961517
0.962017
0.962517
0.963017
0.963517
0.964017
0.964517
0.965017
0.965517
0.966017
0.966517
0.967017
0.967517
0.968017
0.968517
0.969017
0.969517
0.970017
0.970517
0.971017
0.971517
0.972017
0.972517
0.973017
0.973517
0.974018
0.974518
0.975018
0.975518
0.976018
0.976518
0.977018
0.977518
0.978018
0.978518
0.979018
0.979518
0.980018
0.980518
0.981018
0.981518
0.982018
0.982518
0.983018
0.983518
0.984018
0.984518
0.985018
0.985518
0.986018
0.986518
0.987018
0.987518
0.988018
0.988518
0.989018
0.989518
0.990018
0.990518
0.991018
0.991518
0.992018
0.992518
0.993018
0.993518
0.994018
0.994518
0.995018
0.995519
0.996019
0.996519
0.997019
0.997519
0.998019
0.998519
0.999019
0.999519
