0
0.00045
0.000785002
0.000997275
0.00111564
0.00117872
0.00121806
0.00125317
0.00129348
0.00134214
0.00139922
0.00146364
0.00153408
0.00160936
0.00168851
0.00177078
0.00185559
0.00194246
0.00203105
0.00212106
0.00221224
0.0023044
0.00239738
0.00249104
0.00258528
0.00268
0.00277512
0.00287057
0.00296631
0.00306228
0.00315845
0.00325479
0.00335127
0.00344786
0.00354456
0.00364134
0.00373819
0.00383511
0.00393208
0.00402909
0.00412615
0.00422325
0.00432037
0.00441753
0.00451471
0.00461192
0.00470915
0.00480641
0.00490368
0.00500098
0.00509829
0.00519563
0.00529298
0.00539035
0.00548774
0.00558515
0.00568257
0.00578001
0.00587747
0.00597495
0.00607245
0.00616996
0.0062675
0.00636505
0.00646262
0.00656021
0.00665782
0.00675544
0.00685309
0.00695075
0.00704844
0.00714614
0.00724387
0.00734161
0.00743938
0.00753717
0.00763497
0.0077328
0.00783065
0.00792852
0.00802641
0.00812432
0.00822226
0.00832022
0.00841819
0.0085162
0.00861422
0.00871227
0.00881034
0.00890843
0.00900655
0.00910469
0.00920286
0.00930104
0.00939926
0.00949749
0.00959576
0.00969404
0.00979236
0.00989069
0.00998905
0.0100874
0.0101859
0.0102843
0.0103828
0.0104813
0.0105798
0.0106783
0.0107769
0.0108755
0.0109741
0.0110728
0.0111715
0.0112702
0.0113689
0.0114677
0.0115665
0.0116653
0.0117642
0.011863
0.011962
0.0120609
0.0121599
0.0122589
0.0123579
0.012457
0.0125561
0.0126552
0.0127543
0.0128535
0.0129527
0.013052
0.0131513
0.0132506
0.0133499
0.0134493
0.0135487
0.0136482
0.0137476
0.0138472
0.0139467
0.0140463
0.0141459
0.0142455
0.0143452
0.0144449
0.0145447
0.0146445
0.0147443
0.0148441
0.014944
0.0150439
0.0151439
0.0152439
0.0153439
0.015444
0.0155441
0.0156443
0.0157444
0.0158447
0.0159449
0.0160452
0.0161456
0.0162459
0.0163463
0.0164468
0.0165473
0.0166478
0.0167484
0.016849
0.0169496
0.0170503
0.017151
0.0172518
0.0173526
0.0174534
0.0175543
0.0176552
0.0177562
0.0178572
0.0179583
0.0180594
0.0181605
0.0182617
0.0183629
0.0184642
0.0185655
0.0186668
0.0187682
0.0188697
0.0189712
0.0190727
0.0191743
0.0192759
0.0193775
0.0194793
0.019581
0.0196828
0.0197847
0.0198865
0.0199885
0.0200905
0.0201925
0.0202946
0.0203967
0.0204989
0.0206011
0.0207033
0.0208057
0.020908
0.0210104
0.0211129
0.0212154
0.021318
0.0214206
0.0215232
0.0216259
0.0217287
0.0218315
0.0219343
0.0220372
0.0221402
0.0222432
0.0223463
0.0224494
0.0225525
0.0226558
0.022759
0.0228623
0.0229657
0.0230691
0.0231726
0.0232762
0.0233797
0.0234834
0.0235871
0.0236908
0.0237946
0.0238985
0.0240024
0.0241064
0.0242104
0.0243145
0.0244186
0.0245228
0.024627
0.0247313
0.0248357
0.0249401
0.0250446
0.0251491
0.0252537
0.0253583
0.0254631
0.0255678
0.0256726
0.0257775
0.0258825
0.0259875
0.0260925
0.0261976
0.0263028
0.0264081
0.0265134
0.0266187
0.0267242
0.0268296
0.0269352
0.0270408
0.0271465
0.0272522
0.027358
0.0274638
0.0275698
0.0276757
0.0277818
0.0278879
0.0279941
0.0281003
0.0282066
0.028313
0.0284194
0.0285259
0.0286325
0.0287391
0.0288458
0.0289526
0.0290594
0.0291663
0.0292733
0.0293803
0.0294874
0.0295946
0.0297018
0.0298091
0.0299165
0.0300239
0.0301314
0.030239
0.0303466
0.0304543
0.0305621
0.03067
0.0307779
0.0308859
0.030994
0.0311021
0.0312103
0.0313186
0.031427
0.0315354
0.0316439
0.0317525
0.0318611
0.0319698
0.0320786
0.0321875
0.0322964
0.0324055
0.0325145
0.0326237
0.0327329
0.0328423
0.0329516
0.0330611
0.0331707
0.0332803
0.03339
0.0334997
0.0336096
0.0337195
0.0338295
0.0339396
0.0340498
0.03416
0.0342703
0.0343807
0.0344912
0.0346018
0.0347124
0.0348231
0.0349339
0.0350448
0.0351558
0.0352668
0.0353779
0.0354892
0.0356004
0.0357118
0.0358233
0.0359348
0.0360464
0.0361581
0.0362699
0.0363818
0.0364938
0.0366058
0.0367179
0.0368301
0.0369424
0.0370548
0.0371673
0.0372798
0.0373925
0.0375052
0.037618
0.0377309
0.0378439
0.037957
0.0380702
0.0381834
0.0382968
0.0384102
0.0385237
0.0386373
0.038751
0.0388648
0.0389787
0.0390927
0.0392068
0.0393209
0.0394352
0.0395495
0.039664
0.0397785
0.0398931
0.0400078
0.0401226
0.0402375
0.0403525
0.0404676
0.0405828
0.0406981
0.0408135
0.0409289
0.0410445
0.0411602
0.0412759
0.0413918
0.0415078
0.0416238
0.04174
0.0418562
0.0419726
0.042089
0.0422056
0.0423222
0.042439
0.0425558
0.0426728
0.0427898
0.042907
0.0430242
0.0431416
0.043259
0.0433766
0.0434942
0.043612
0.0437299
0.0438478
0.0439659
0.0440841
0.0442024
0.0443208
0.0444393
0.0445579
0.0446766
0.0447954
0.0449143
0.0450333
0.0451525
0.0452717
0.045391
0.0455105
0.0456301
0.0457497
0.0458695
0.0459894
0.0461094
0.0462295
0.0463497
0.0464701
0.0465905
0.0467111
0.0468317
0.0469525
0.0470734
0.0471944
0.0473155
0.0474368
0.0475581
0.0476796
0.0478011
0.0479228
0.0480446
0.0481665
0.0482886
0.0484107
0.048533
0.0486554
0.0487779
0.0489005
0.0490232
0.0491461
0.0492691
0.0493922
0.0495154
0.0496387
0.0497622
0.0498858
0.0500095
0.0501333
0.0502572
0.0503813
0.0505054
0.0506298
0.0507542
0.0508787
0.0510034
0.0511282
0.0512531
0.0513782
0.0515034
0.0516286
0.0517541
0.0518796
0.0520053
0.0521311
0.052257
0.0523831
0.0525093
0.0526356
0.0527621
0.0528886
0.0530154
0.0531422
0.0532691
0.0533962
0.0535235
0.0536508
0.0537783
0.053906
0.0540337
0.0541616
0.0542896
0.0544178
0.0545461
0.0546745
0.0548031
0.0549318
0.0550606
0.0551896
0.0553187
0.0554479
0.0555773
0.0557068
0.0558365
0.0559663
0.0560962
0.0562263
0.0563565
0.0564869
0.0566174
0.056748
0.0568788
0.0570097
0.0571408
0.057272
0.0574033
0.0575348
0.0576664
0.0577982
0.0579302
0.0580622
0.0581944
0.0583268
0.0584593
0.058592
0.0587248
0.0588577
0.0589908
0.0591241
0.0592575
0.059391
0.0595247
0.0596585
0.0597925
0.0599267
0.060061
0.0601954
0.0603301
0.0604648
0.0605997
0.0607348
0.06087
0.0610054
0.0611409
0.0612766
0.0614124
0.0615484
0.0616846
0.0618209
0.0619574
0.062094
0.0622308
0.0623677
0.0625048
0.0626421
0.0627795
0.0629171
0.0630548
0.0631927
0.0633308
0.0634691
0.0636075
0.063746
0.0638847
0.0640236
0.0641627
0.0643019
0.0644413
0.0645808
0.0647206
0.0648604
0.0650005
0.0651407
0.0652811
0.0654217
0.0655624
0.0657033
0.0658444
0.0659856
0.0661271
0.0662686
0.0664104
0.0665523
0.0666944
0.0668367
0.0669792
0.0671218
0.0672646
0.0674076
0.0675508
0.0676941
0.0678376
0.0679813
0.0681252
0.0682692
0.0684135
0.0685579
0.0687025
0.0688472
0.0689922
0.0691373
0.0692827
0.0694282
0.0695738
0.0697197
0.0698658
0.070012
0.0701584
0.070305
0.0704518
0.0705988
0.070746
0.0708934
0.0710409
0.0711887
0.0713366
0.0714847
0.071633
0.0717815
0.0719302
0.0720791
0.0722282
0.0723775
0.072527
0.0726766
0.0728265
0.0729766
0.0731268
0.0732773
0.0734279
0.0735788
0.0737298
0.0738811
0.0740325
0.0741842
0.074336
0.0744881
0.0746403
0.0747928
0.0749454
0.0750983
0.0752514
0.0754046
0.0755581
0.0757118
0.0758657
0.0760198
0.0761741
0.0763286
0.0764833
0.0766383
0.0767934
0.0769488
0.0771043
0.0772601
0.0774161
0.0775723
0.0777287
0.0778853
0.0780422
0.0781992
0.0783565
0.078514
0.0786717
0.0788297
0.0789878
0.0791462
0.0793048
0.0794636
0.0796226
0.0797819
0.0799413
0.080101
0.080261
0.0804211
0.0805815
0.0807421
0.0809029
0.081064
0.0812252
0.0813867
0.0815485
0.0817104
0.0818726
0.082035
0.0821977
0.0823606
0.0825237
0.0826871
0.0828506
0.0830145
0.0831785
0.0833428
0.0835073
0.0836721
0.0838371
0.0840024
0.0841678
0.0843336
0.0844995
0.0846657
0.0848322
0.0849989
0.0851658
0.085333
0.0855004
0.0856681
0.085836
0.0860041
0.0861725
0.0863412
0.0865101
0.0866792
0.0868486
0.0870183
0.0871882
0.0873584
0.0875288
0.0876994
0.0878703
0.0880415
0.088213
0.0883846
0.0885566
0.0887288
0.0889012
0.089074
0.0892469
0.0894202
0.0895937
0.0897674
0.0899415
0.0901158
0.0902903
0.0904651
0.0906402
0.0908156
0.0909912
0.0911671
0.0913432
0.0915197
0.0916964
0.0918733
0.0920506
0.0922281
0.0924059
0.092584
0.0927623
0.0929409
0.0931198
0.093299
0.0934785
0.0936582
0.0938382
0.0940185
0.0941991
0.0943799
0.0945611
0.0947425
0.0949242
0.0951062
0.0952885
0.095471
0.0956539
0.095837
0.0960205
0.0962042
0.0963882
0.0965725
0.0967571
0.096942
0.0971272
0.0973127
0.0974984
0.0976845
0.0978709
0.0980576
0.0982445
0.0984318
0.0986194
0.0988073
0.0989955
0.0991839
0.0993727
0.0995618
0.0997512
0.099941
0.100131
0.100321
0.100512
0.100703
0.100894
0.101086
0.101278
0.10147
0.101662
0.101855
0.102048
0.102242
0.102436
0.10263
0.102824
0.103019
0.103214
0.103409
0.103605
0.103801
0.103997
0.104194
0.104391
0.104589
0.104786
0.104984
0.105183
0.105381
0.10558
0.10578
0.105979
0.106179
0.10638
0.106581
0.106782
0.106983
0.107185
0.107387
0.107589
0.107792
0.107995
0.108198
0.108402
0.108606
0.108811
0.109016
0.109221
0.109426
0.109632
0.109839
0.110045
0.110252
0.11046
0.110667
0.110875
0.111084
0.111292
0.111502
0.111711
0.111921
0.112131
0.112342
0.112553
0.112764
0.112976
0.113188
0.1134
0.113613
0.113826
0.11404
0.114254
0.114468
0.114683
0.114898
0.115113
0.115329
0.115545
0.115762
0.115979
0.116196
0.116414
0.116632
0.116851
0.11707
0.117289
0.117509
0.117729
0.11795
0.118171
0.118392
0.118614
0.118836
0.119058
0.119281
0.119504
0.119728
0.119952
0.120177
0.120402
0.120627
0.120853
0.121079
0.121306
0.121533
0.12176
0.121988
0.122216
0.122445
0.122674
0.122903
0.123133
0.123364
0.123595
0.123826
0.124057
0.12429
0.124522
0.124755
0.124988
0.125222
0.125456
0.125691
0.125926
0.126162
0.126398
0.126634
0.126871
0.127108
0.127346
0.127584
0.127823
0.128062
0.128302
0.128542
0.128782
0.129023
0.129264
0.129506
0.129749
0.129991
0.130235
0.130478
0.130722
0.130967
0.131212
0.131458
0.131704
0.13195
0.132197
0.132445
0.132692
0.132941
0.13319
0.133439
0.133689
0.133939
0.13419
0.134441
0.134693
0.134945
0.135198
0.135451
0.135705
0.135959
0.136214
0.136469
0.136725
0.136981
0.137238
0.137495
0.137753
0.138011
0.138269
0.138529
0.138788
0.139049
0.139309
0.139571
0.139833
0.140095
0.140358
0.140621
0.140885
0.141149
0.141414
0.14168
0.141946
0.142212
0.142479
0.142747
0.143015
0.143284
0.143553
0.143822
0.144093
0.144364
0.144635
0.144907
0.145179
0.145452
0.145726
0.146
0.146274
0.14655
0.146825
0.147102
0.147379
0.147656
0.147934
0.148213
0.148492
0.148771
0.149052
0.149333
0.149614
0.149896
0.150179
0.150462
0.150745
0.15103
0.151315
0.1516
0.151886
0.152173
0.15246
0.152748
0.153036
0.153325
0.153615
0.153905
0.154196
0.154487
0.154779
0.155072
0.155365
0.155659
0.155954
0.156249
0.156545
0.156841
0.157138
0.157435
0.157734
0.158032
0.158332
0.158632
0.158933
0.159234
0.159536
0.159838
0.160142
0.160446
0.16075
0.161055
0.161361
0.161668
0.161975
0.162282
0.162591
0.1629
0.16321
0.16352
0.163831
0.164143
0.164455
0.164768
0.165082
0.165396
0.165711
0.166027
0.166343
0.16666
0.166978
0.167297
0.167616
0.167936
0.168256
0.168577
0.168899
0.169222
0.169545
0.169869
0.170194
0.170519
0.170845
0.171172
0.1715
0.171828
0.172157
0.172486
0.172817
0.173148
0.17348
0.173812
0.174145
0.174479
0.174814
0.17515
0.175486
0.175823
0.17616
0.176499
0.176838
0.177178
0.177519
0.17786
0.178202
0.178545
0.178889
0.179233
0.179578
0.179924
0.180271
0.180618
0.180967
0.181316
0.181666
0.182016
0.182367
0.18272
0.183073
0.183426
0.183781
0.184136
0.184492
0.184849
0.185207
0.185565
0.185925
0.186285
0.186646
0.187007
0.18737
0.187733
0.188097
0.188462
0.188828
0.189195
0.189562
0.18993
0.1903
0.190669
0.19104
0.191412
0.191784
0.192158
0.192532
0.192907
0.193283
0.193659
0.194037
0.194415
0.194795
0.195175
0.195556
0.195938
0.196321
0.196704
0.197089
0.197474
0.19786
0.198248
0.198636
0.199025
0.199414
0.199805
0.200197
0.200589
0.200983
0.201377
0.201772
0.202168
0.202565
0.202963
0.203362
0.203762
0.204163
0.204564
0.204967
0.205371
0.205775
0.20618
0.206587
0.206994
0.207402
0.207811
0.208222
0.208633
0.209045
0.209458
0.209872
0.210287
0.210702
0.211119
0.211537
0.211956
0.212376
0.212796
0.213218
0.213641
0.214065
0.214489
0.214915
0.215342
0.215769
0.216198
0.216628
0.217059
0.21749
0.217923
0.218357
0.218792
0.219227
0.219664
0.220102
0.220541
0.220981
0.221422
0.221864
0.222307
0.222751
0.223196
0.223643
0.22409
0.224538
0.224987
0.225438
0.225889
0.226342
0.226796
0.22725
0.227706
0.228163
0.228621
0.22908
0.22954
0.230002
0.230464
0.230927
0.231392
0.231857
0.232324
0.232792
0.233261
0.233731
0.234202
0.234675
0.235148
0.235623
0.236099
0.236576
0.237054
0.237533
0.238013
0.238495
0.238977
0.239461
0.239946
0.240432
0.240919
0.241408
0.241897
0.242388
0.24288
0.243373
0.243867
0.244363
0.244859
0.245357
0.245856
0.246357
0.246858
0.247361
0.247865
0.24837
0.248876
0.249383
0.249892
0.250402
0.250913
0.251426
0.251939
0.252454
0.25297
0.253488
0.254006
0.254526
0.255047
0.25557
0.256093
0.256618
0.257144
0.257672
0.258201
0.258731
0.259262
0.259794
0.260328
0.260863
0.2614
0.261937
0.262476
0.263017
0.263558
0.264101
0.264645
0.265191
0.265738
0.266286
0.266835
0.267386
0.267938
0.268492
0.269047
0.269603
0.27016
0.270719
0.271279
0.271841
0.272404
0.272968
0.273533
0.2741
0.274669
0.275238
0.27581
0.276382
0.276956
0.277531
0.278108
0.278686
0.279265
0.279846
0.280428
0.281012
0.281597
0.282183
0.282771
0.28336
0.283951
0.284543
0.285136
0.285731
0.286328
0.286925
0.287525
0.288125
0.288727
0.289331
0.289936
0.290543
0.29115
0.29176
0.292371
0.292983
0.293597
0.294212
0.294829
0.295447
0.296067
0.296688
0.297311
0.297935
0.29856
0.299188
0.299816
0.300446
0.301078
0.301711
0.302346
0.302982
0.30362
0.304259
0.3049
0.305542
0.306186
0.306831
0.307478
0.308126
0.308776
0.309428
0.310081
0.310736
0.311392
0.312049
0.312709
0.313369
0.314032
0.314696
0.315361
0.316028
0.316697
0.317367
0.318039
0.318713
0.319388
0.320064
0.320742
0.321422
0.322104
0.322787
0.323471
0.324157
0.324845
0.325534
0.326225
0.326918
0.327612
0.328308
0.329006
0.329705
0.330406
0.331108
0.331812
0.332518
0.333225
0.333934
0.334644
0.335356
0.33607
0.336786
0.337503
0.338222
0.338942
0.339664
0.340388
0.341114
0.341841
0.342569
0.3433
0.344032
0.344766
0.345501
0.346238
0.346977
0.347718
0.34846
0.349204
0.349949
0.350697
0.351446
0.352196
0.352949
0.353703
0.354458
0.355216
0.355975
0.356736
0.357498
0.358263
0.359029
0.359796
0.360566
0.361337
0.36211
0.362884
0.363661
0.364439
0.365218
0.366
0.366783
0.367568
0.368354
0.369143
0.369933
0.370724
0.371518
0.372313
0.37311
0.373909
0.374709
0.375512
0.376315
0.377121
0.377929
0.378738
0.379549
0.380361
0.381176
0.381992
0.38281
0.383629
0.384451
0.385274
0.386098
0.386925
0.387753
0.388584
0.389415
0.390249
0.391084
0.391921
0.39276
0.393601
0.394443
0.395287
0.396133
0.396981
0.39783
0.398681
0.399534
0.400389
0.401245
0.402103
0.402963
0.403824
0.404688
0.405553
0.40642
0.407288
0.408159
0.409031
0.409905
0.41078
0.411658
0.412537
0.413417
0.4143
0.415184
0.41607
0.416958
0.417848
0.418739
0.419632
0.420526
0.421423
0.422321
0.423221
0.424123
0.425026
0.425931
0.426838
0.427747
0.428657
0.429569
0.430482
0.431398
0.432315
0.433234
0.434154
0.435077
0.436001
0.436926
0.437854
0.438783
0.439714
0.440646
0.44158
0.442516
0.443454
0.444393
0.445334
0.446277
0.447221
0.448167
0.449114
0.450064
0.451015
0.451967
0.452922
0.453878
0.454835
0.455794
0.456755
0.457718
0.458682
0.459648
0.460615
0.461584
0.462555
0.463527
0.464501
0.465477
0.466454
0.467433
0.468413
0.469395
0.470379
0.471364
0.472351
0.473339
0.474329
0.475321
0.476314
0.477308
0.478305
0.479302
0.480302
0.481302
0.482305
0.483309
0.484314
0.485321
0.48633
0.48734
0.488351
0.489364
0.490379
0.491395
0.492412
0.493431
0.494452
0.495474
0.496497
0.497522
0.498548
0.499576
0.500605
0.501636
0.502668
0.503701
0.504736
0.505773
0.50681
0.507849
0.50889
0.509932
0.510975
0.51202
0.513066
0.514113
0.515162
0.516212
0.517263
0.518316
0.51937
0.520426
0.521482
0.52254
0.5236
0.52466
0.525722
0.526785
0.527849
0.528915
0.529982
0.53105
0.532119
0.53319
0.534262
0.535335
0.536409
0.537484
0.538561
0.539639
0.540718
0.541798
0.542879
0.543961
0.545045
0.546129
0.547215
0.548302
0.54939
0.550479
0.551569
0.55266
0.553753
0.554846
0.55594
0.557036
0.558132
0.559229
0.560328
0.561427
0.562528
0.563629
0.564732
0.565835
0.566939
0.568045
0.569151
0.570258
0.571366
0.572475
0.573584
0.574695
0.575807
0.576919
0.578032
0.579147
0.580261
0.581377
0.582494
0.583611
0.584729
0.585848
0.586968
0.588088
0.58921
0.590332
0.591454
0.592578
0.593702
0.594826
0.595952
0.597078
0.598205
0.599332
0.600461
0.601589
0.602719
0.603849
0.604979
0.60611
0.607242
0.608374
0.609507
0.610641
0.611775
0.612909
0.614044
0.615179
0.616315
0.617452
0.618589
0.619726
0.620864
0.622002
0.623141
0.62428
0.625419
0.626559
0.627699
0.62884
0.629981
0.631122
0.632263
0.633405
0.634547
0.63569
0.636832
0.637975
0.639119
0.640262
0.641406
0.64255
0.643694
0.644838
0.645983
0.647128
0.648273
0.649418
0.650563
0.651708
0.652853
0.653999
0.655145
0.65629
0.657436
0.658582
0.659728
0.660874
0.66202
0.663166
0.664312
0.665458
0.666603
0.667749
0.668895
0.670041
0.671187
0.672332
0.673478
0.674623
0.675768
0.676914
0.678059
0.679204
0.680348
0.681493
0.682637
0.683781
0.684925
0.686069
0.687212
0.688356
0.689499
0.690641
0.691784
0.692926
0.694068
0.695209
0.69635
0.697491
0.698632
0.699772
0.700912
0.702051
0.70319
0.704329
0.705467
0.706605
0.707742
0.708879
0.710016
0.711152
0.712287
0.713422
0.714557
0.715691
0.716824
0.717957
0.71909
0.720222
0.721353
0.722484
0.723614
0.724743
0.725872
0.727001
0.728128
0.729256
0.730382
0.731508
0.732633
0.733757
0.734881
0.736004
0.737127
0.738248
0.739369
0.740489
0.741609
0.742728
0.743846
0.744963
0.746079
0.747195
0.748309
0.749423
0.750537
0.751649
0.75276
0.753871
0.754981
0.75609
0.757198
0.758305
0.759411
0.760517
0.761621
0.762725
0.763827
0.764929
0.76603
0.767129
0.768228
0.769326
0.770423
0.771519
0.772614
0.773708
0.774801
0.775892
0.776983
0.778073
0.779162
0.78025
0.781336
0.782422
0.783507
0.78459
0.785673
0.786754
0.787834
0.788913
0.789991
0.791068
0.792144
0.793218
0.794292
0.795364
0.796435
0.797505
0.798574
0.799642
0.800708
0.801774
0.802838
0.803901
0.804962
0.806023
0.807082
0.80814
0.809197
0.810253
0.811307
0.81236
0.813412
0.814462
0.815512
0.81656
0.817607
0.818652
0.819696
0.820739
0.821781
0.822821
0.82386
0.824898
0.825934
0.82697
0.828003
0.829036
0.830067
0.831097
0.832125
0.833152
0.834178
0.835202
0.836225
0.837247
0.838267
0.839286
0.840304
0.84132
0.842335
0.843348
0.84436
0.845371
0.84638
0.847388
0.848395
0.8494
0.850403
0.851406
0.852407
0.853406
0.854404
0.855401
0.856396
0.857389
0.858382
0.859373
0.860362
0.86135
0.862337
0.863322
0.864305
0.865288
0.866268
0.867248
0.868226
0.869202
0.870177
0.87115
0.872122
0.873093
0.874062
0.87503
0.875996
0.876961
0.877924
0.878886
0.879846
0.880805
0.881762
0.882718
0.883673
0.884626
0.885577
0.886527
0.887475
0.888422
0.889368
0.890312
0.891255
0.892196
0.893135
0.894074
0.89501
0.895945
0.896879
0.897811
0.898742
0.899671
0.900599
0.901525
0.90245
0.903373
0.904295
0.905215
0.906134
0.907052
0.907968
0.908882
0.909795
0.910706
0.911616
0.912525
0.913432
0.914337
0.915241
0.916144
0.917045
0.917944
0.918843
0.919739
0.920634
