0.783956
0.781071
0.776737
0.77095
0.7637
0.754975
0.744764
0.733048
0.719809
0.705023
0.688665
0.670703
0.6511
0.629816
0.606801
0.581998
0.555341
0.52675
0.496132
0.463372
0.428332
0.390837
0.350667
0.307529
0.261024
0.210569
0.155237
0.0933115
0.0204461
-0.102279
-0.21502
-0.322984
-0.427736
-0.53003
-0.630309
-0.728857
-0.825875
-0.921507
-1.01586
-1.10901
-1.20103
-1.29195
-1.38181
-1.47063
-1.55843
-1.6452
-1.73096
-1.81568
-1.89936
-1.98195
-2.06344
-2.14376
-2.22288
-2.30071
-2.37717
-2.45216
-2.52555
-2.59718
-2.66683
-2.73426
-2.79911
-2.86093
-2.91906
-2.97258
-3.02004
-3.05909
-3.08577
-3.09418
-3.08108
-3.05113
-3.00989
-2.96089
-2.90621
-2.84717
-2.78461
-2.71914
-2.65118
-2.58105
-2.50901
-2.43524
-2.3599
-2.28312
-2.20499
-2.12559
-2.045
-1.96326
-1.88041
-1.7965
-1.71154
-1.62555
-1.53853
-1.4505
-1.36144
-1.27134
-1.18018
-1.08791
-0.994488
-0.899852
-0.803915
-0.706562
-0.607638
-0.50693
-0.404121
-0.298721
-0.189856
-0.0755899
0.0521745
0.160392
0.262227
0.36013
0.45514
0.547832
0.638566
0.72759
0.815081
0.901171
0.985962
1.06953
1.15193
1.23322
1.31343
1.39259
1.47071
1.5478
1.62388
1.69893
1.77296
1.84595
1.91787
1.98872
2.05844
2.12702
2.19439
2.26051
2.3253
2.3887
2.45061
2.51091
2.56949
2.62619
2.68082
2.73315
2.78292
2.82978
2.87332
2.91302
2.94822
2.97811
3.00174
3.01806
3.0261
3.0253
3.01571
2.998
2.97318
2.94226
2.9062
2.86577
2.8216
2.77419
2.72394
2.67117
2.61616
2.55911
2.50021
2.43961
2.37743
2.31377
2.24873
2.18239
2.11479
2.04601
1.97608
1.90504
1.83292
1.75975
1.68554
1.6103
1.53404
1.45676
1.37846
1.29911
1.21871
1.13723
1.05462
0.970833
0.885816
0.799482
0.711726
0.62241
0.531346
0.438269
0.34279
0.244279
0.141553
0.0316016
-0.110612
-0.243591
-0.372344
-0.498295
-0.622113
-0.744182
-0.864746
-0.98397
-1.10197
-1.21883
-1.3346
-1.44932
-1.56302
-1.67569
-1.78735
-1.89795
-2.00748
-2.11589
-2.22311
-2.32904
-2.43356
-2.53652
-2.63769
-2.73675
-2.83322
-2.92633
-3.01467
-3.09495
-3.15337
-3.29832
-3.44981
-3.60465
-3.76177
-3.92065
-4.08098
-4.24257
-4.40531
-4.56911
-4.73394
-4.8998
-5.06669
-5.23467
-5.40382
-5.5743
-5.74635
-5.92038
-6.09729
-6.27972
-6.75593
-7.2299
-7.70261
-8.1743
-8.64491
-9.11407
-9.5799
-10.0523
-10.5265
-11.0018
-11.4781
-11.9556
-12.4348
-12.9219
-13.406
-13.8887
-14.3703
-14.851
-15.3303
-15.8068
-16.2936
-16.7823
-17.2722
-17.763
-18.255
-18.7489
-19.2529
-19.7543
-20.2543
-20.7534
-21.2514
-21.7479
-22.2401
-22.7365
-23.2343
-23.7333
-24.2333
-24.7346
-25.2385
-25.7327
-26.2252
-26.7165
-27.2068
-27.6959
-28.1832
-28.6592
-29.138
-29.6181
-30.0993
-30.5815
-31.0651
-31.5517
-32.0307
-32.5079
-32.984
-33.4591
-33.9331
-34.4053
-34.8708
-35.3395
-35.8098
-36.2811
-36.7534
-37.227
-37.7029
-37.9066
-38.1054
-38.3016
-38.496
-38.6889
-38.8807
-39.0713
-39.2609
-39.4495
-39.6371
-39.8235
-40.0088
-40.1927
-40.3749
-40.5548
-40.7311
-40.8981
-41.0829
-41.2719
-41.4633
-41.6565
-41.8511
-42.0469
-42.2438
-42.4417
-42.6406
-42.8406
-43.0417
-43.2441
-43.448
-43.6539
-43.8629
-44.0805
-44.2877
-44.4915
-44.6932
-44.8934
-45.0923
-45.29
-45.4867
-45.6823
-45.877
-46.0705
-46.2629
-46.4539
-46.6433
-46.8305
-47.0142
-47.1885
-47.3787
-47.5728
-47.7694
-47.9676
-48.1672
-48.3679
-48.5698
-48.7726
-48.9765
-49.1815
-49.3876
-49.595
-49.8041
-50.0154
-50.2309
-50.4759
-50.716
-50.9537
-51.1899
-51.4247
-51.6585
-51.8912
-52.1229
-52.3535
-52.583
-52.8111
-53.0373
-53.2607
-53.4772
-53.7082
-53.9426
-54.179
-54.4169
-54.656
-54.8962
-55.1374
-55.3796
-55.6229
-55.8675
-56.1138
-56.3624
-56.6166
-56.8557
-57.0915
-57.3252
-57.5576
-57.7887
-58.0187
-58.2477
-58.4757
-58.7026
-58.9283
-59.1525
-59.3748
-59.5937
-59.802
-60.0195
-60.2402
-60.4628
-60.6869
-60.9121
-61.1385
-61.3659
-61.5943
-61.8238
-62.0545
-62.2866
-62.5207
-62.7582
-63.0095
-63.255
-63.4981
-63.7395
-63.9796
-64.2185
-64.4565
-64.6934
-64.9293
-65.1639
-65.3972
-65.6286
-65.857
-66.0766
-66.3061
-66.5388
-66.7733
-67.0093
-67.2464
-67.4846
-67.7238
-67.9641
-68.2055
-68.4481
-68.6925
-68.9393
-69.1919
-69.4312
-69.6673
-69.9015
-70.1342
-70.3657
-70.5961
-70.8255
-71.0538
-71.2811
-71.5072
-71.7317
-71.9542
-72.1733
-72.3802
-72.5953
-72.8135
-73.0336
-73.2551
-73.4779
-73.7018
-73.9267
-74.1526
-74.3796
-74.6078
-74.8374
-75.0689
-75.3036
-75.5491
-75.7878
-76.0238
-76.2581
-76.491
-76.7228
-76.9535
-77.1832
-77.4119
-77.6394
-77.8657
-78.0903
-78.3125
-78.5303
-78.6413
-78.7623
-78.888
-79.0167
-79.1476
-79.2803
-79.4144
-79.5499
-79.6867
-79.8245
-79.9634
-80.1033
-80.2443
-80.3863
-80.5293
-80.6735
-80.8188
-80.9655
-81.1138
-81.2639
-81.4166
-81.5732
-81.7392
-81.8875
-82.0308
-82.1712
-82.3094
-82.4459
-82.5809
-82.7146
-82.8471
-82.9785
-83.1088
-83.2381
-83.3664
-83.4937
-83.6199
-83.745
-83.869
-83.9917
-84.113
-84.2328
-84.3508
-84.4665
-84.5792
-84.6878
-84.7888
-84.86
-84.9588
-85.0651
-85.1756
-85.2891
-85.4049
-85.5225
-85.6418
-85.7624
-85.8843
-86.0073
-86.1314
-86.2566
-86.3829
-86.5101
-86.6384
-86.7677
-86.8981
-87.0297
-87.1626
-87.2968
-87.4328
-87.5707
-87.7113
-87.8559
-88.01
-88.1415
-88.2673
-88.3897
-88.5096
-88.6275
-88.7437
-88.8586
-88.9721
-89.0844
-89.1955
-89.3056
-89.4147
-89.5227
-89.6297
-89.7357
-89.8406
-89.9445
-90.0472
-90.1488
-90.2491
-90.3481
-90.4456
-90.5415
-90.6354
-90.7271
-90.816
-90.9014
-90.9818
-91.0539
-91.1066
-93.9507
-96.7983
