0.5
0.75
1.02033
1.40937
1.99879
2.89805
4.27007
6.36032
9.53688
14.346
21.5851
32.3879
48.3013
71.2999
103.632
147.354
203.461
270.836
345.694
422.308
494.829
559
612.779
655.993
689.63
715.191
734.271
748.321
758.563
765.972
771.302
775.12
777.845
779.787
781.167
782.147
782.842
783.335
783.684
783.932
784.107
784.23
784.318
784.38
784.424
784.455
784.477
784.493
784.504
784.512
784.517
784.521
784.524
784.526
784.527
784.528
784.529
784.529
784.53
784.53
784.53
784.53
784.53
784.53
784.53
784.53
784.53
784.53
784.53
784.53
784.53
784.53
784.53
784.53
784.53
784.53
784.53
784.53
784.53
784.53
784.53
784.53
784.53
784.53
784.53
784.53
784.53
784.53
784.53
784.53
784.53
